step,lr,epoch,train_loss,train_acc,val_loss,val_acc
1,0.005,1,0.11992697772525605,0.141,1.9062996024177188,0.1073
2,0.004999999506519796,2,0.09913777169727143,0.225,0.8983344237009684,0.1142
3,0.00499999802607938,3,0.09236125577063788,0.291,0.16629269563016438,0.2292
4,0.004999995558679335,4,0.0874188733952386,0.306,0.1119197238059271,0.2466
5,0.0049999921043206354,5,0.08358382398173922,0.34,0.11198993637448265,0.2333
6,0.004999987663004646,6,0.0815756626072384,0.356,0.0969678460132508,0.2951
7,0.004999982234733118,7,0.07877034161772047,0.388,0.08907757075059981,0.3341
8,0.004999975819508198,8,0.07952962957677387,0.368,0.10551741499276389,0.2947
9,0.004999968417332415,9,0.07852692831130255,0.394,0.11359676101378031,0.258
10,0.004999960028208693,10,0.07822200372105553,0.392,0.0884024251075018,0.3421
11,0.004999950652140343,11,0.07410036524136861,0.429,0.09230445488577797,0.3176
12,0.004999940289131068,12,0.07307802353586469,0.447,0.08856219748655955,0.3335
13,0.004999928939184958,13,0.07156571532998766,0.444,0.10282923522449675,0.3103
14,0.004999916602306493,14,0.06807306692713783,0.478,0.08755770708833421,0.3803
15,0.0049999032785005455,15,0.06751490845566704,0.488,0.08091739380643481,0.392
16,0.0049998889677723745,16,0.06477126266275134,0.506,0.0992744782850856,0.3395
17,0.004999873670127629,17,0.06429614623387654,0.498,0.09423947242044267,0.3432
18,0.00499985738557235,18,0.06387827509925478,0.507,0.09146044779391516,0.3803
19,0.004999840114112965,19,0.06049854698635283,0.523,0.08571226369766961,0.3878
20,0.004999821855756293,20,0.06210575288250333,0.516,0.10264846760602224,0.3545
21,0.004999802610509541,21,0.06058970874264127,0.53,0.09273272582462856,0.3726
22,0.0049997823783803075,22,0.05650774992647625,0.562,0.0903354817203113,0.3941
23,0.00499976115937658,23,0.054961549384253364,0.591,0.09361846219925653,0.3779
24,0.0049997389535067355,24,0.05352564936592465,0.585,0.08903594783374241,0.4094
25,0.00499971576077954,25,0.055945624907811485,0.592,0.09497077230896268,0.3795
26,0.004999691581204151,26,0.05631521628016517,0.556,0.10134491175413132,0.3959
27,0.004999666414790113,27,0.05443909551416125,0.588,0.10287262385799771,0.3717
28,0.004999640261547361,28,0.05009312005270095,0.617,0.11070196153152556,0.3703
29,0.00499961312148622,29,0.04612246262175696,0.654,0.10061861383063453,0.3906
30,0.004999584994617406,30,0.04663301223800296,0.644,0.11910115295932407,0.3772
31,0.0049995558809520215,31,0.0467887818813324,0.639,0.08947627920480002,0.4313
32,0.00499952578050156,32,0.04444279699098496,0.662,0.09278774928478968,0.4242
33,0.004999494693277907,33,0.04334267548152378,0.659,0.1040112105863435,0.3999
34,0.0049994626192933316,34,0.04431023271310897,0.655,0.11489899030753545,0.3835
35,0.004999429558560499,35,0.04197502597456887,0.682,0.10815253889276868,0.3933
36,0.004999395511092459,36,0.04142123176938012,0.689,0.10041676333972387,0.4396
37,0.004999360476902654,37,0.03838290877285458,0.704,0.10245799982831591,0.4292
38,0.0049993244560049156,38,0.038387189308802284,0.71,0.1093907043337822,0.4046
39,0.004999287448413463,39,0.03719397492351986,0.71,0.10170310664744604,0.418
40,0.004999249454142908,40,0.03620814780394236,0.719,0.12426232397556305,0.3793
41,0.004999210473208248,41,0.03271066894133886,0.755,0.10870045991170973,0.429
42,0.004999170505624873,42,0.02973226528792154,0.758,0.1022190164242472,0.4395
43,0.004999129551408563,43,0.027539360558702833,0.79,0.09957635594265801,0.463
44,0.0049990876105754836,44,0.027907119797808782,0.814,0.11834265738725662,0.4083
45,0.004999044683142194,45,0.026309060198920115,0.803,0.13575306009678614,0.409
46,0.00499900076912564,46,0.027603735349008014,0.789,0.1272440029751687,0.3924
47,0.0049989558685431595,47,0.027017555243912198,0.789,0.1180729866027832,0.4327
48,0.004998909981412477,48,0.02648756511154629,0.796,0.1299973523332959,0.4284
49,0.0049988631077517096,49,0.024476561695337296,0.804,0.14309657499903725,0.3897
50,0.004998815247579362,50,0.02459122346980231,0.811,0.1112347967567898,0.4593
51,0.004998766400914327,51,0.025015972199894133,0.815,0.12118698230811528,0.4298
52,0.00499871656777589,52,0.02144429460167885,0.833,0.11875261444421041,0.4476
53,0.004998665748183724,53,0.021129326273997624,0.835,0.12751622611568086,0.4221
54,0.004998613942157893,54,0.01891262066506204,0.858,0.12870959894997733,0.4442
55,0.004998561149718847,55,0.01840239931784925,0.865,0.11513511474643434,0.4571
56,0.004998507370887429,56,0.017785735783122834,0.862,0.13133495180379776,0.4276
57,0.004998452605684871,57,0.016738872088137128,0.877,0.13109088838100433,0.4134
58,0.00499839685413279,58,0.015279706124038924,0.896,0.12325934909638904,0.4557
59,0.004998340116253199,59,0.014801226378906341,0.898,0.12988759094760532,0.4413
60,0.004998282392068496,60,0.016000225430443174,0.883,0.15638855795065562,0.42
61,0.00499822368160147,61,0.016935520406280245,0.883,0.139497990551449,0.4166
62,0.004998163984875298,62,0.014269988274290449,0.887,0.1399115393559138,0.4297
63,0.004998103301913549,63,0.013897936258997236,0.904,0.14375232529072535,0.4274
64,0.004998041632740179,64,0.012218900202285676,0.922,0.14482120332263765,0.4437
65,0.0049979789773795325,65,0.011253285310452893,0.928,0.14276901142937795,0.4476
66,0.0049979153358563465,66,0.01025661728566601,0.93,0.1359211197921208,0.4548
67,0.004997850708195746,67,0.011874848001060031,0.908,0.1529904856568291,0.4364
68,0.004997785094423244,68,0.011491464317909308,0.915,0.1610820084810257,0.4219
69,0.004997718494564743,69,0.01181438582993689,0.919,0.1578721114567348,0.4298
70,0.004997650908646538,70,0.013684341506589027,0.905,0.16077504413468496,0.4263
71,0.004997582336695309,71,0.014780038258149511,0.893,0.15359361611661457,0.4391
72,0.004997512778738127,72,0.01669996976852417,0.883,0.1538484913962228,0.4232
73,0.004997442234802453,73,0.014466491394809313,0.898,0.16645419257027763,0.4132
74,0.004997370704916137,74,0.010803755904947008,0.918,0.14149187079497746,0.4384
75,0.004997298189107417,75,0.008690715723094485,0.935,0.1510581000929787,0.4527
76,0.004997224687404922,76,0.008515458376634689,0.946,0.14256702420257386,0.4455
77,0.004997150199837668,77,0.008137141975263754,0.946,0.15326709804080782,0.4499
78,0.004997074726435063,78,0.006255304041717734,0.964,0.15301122693788438,0.4459
79,0.004996998267226902,79,0.0077986593934751694,0.947,0.15036508185522898,0.456
80,0.00499692082224337,80,0.008252133748361043,0.946,0.15237925748030345,0.4511
81,0.0049968423915150405,81,0.00834254485865434,0.941,0.15784648600078766,0.4512
82,0.004996762975072877,82,0.009849839311625277,0.937,0.15753458780901772,0.4575
83,0.004996682572948233,83,0.010926657977203528,0.925,0.15891431300413042,0.4335
84,0.004996601185172848,84,0.00889787765308505,0.944,0.1600364280598504,0.4361
85,0.004996518811778854,85,0.005730295997290384,0.96,0.16015551317305793,0.457
86,0.00499643545279877,86,0.005102495662868023,0.967,0.15508175378754024,0.4699
87,0.004996351108265506,87,0.005557124636002949,0.965,0.15352751442364285,0.4599
88,0.00499626577821236,88,0.006158015912487393,0.96,0.1538583007596788,0.4556
89,0.004996179462673016,89,0.006599033839024958,0.957,0.16468814852691832,0.4414
90,0.004996092161681552,90,0.005841277229289214,0.966,0.17506626702490308,0.4322
91,0.004996003875272434,91,0.006380021483415649,0.957,0.15617421978995913,0.4607
92,0.004995914603480515,92,0.005568961080695901,0.963,0.1619125002906436,0.4594
93,0.004995824346341038,93,0.005289216281934863,0.965,0.1589044383593968,0.4897
94,0.004995733103889636,94,0.006484793055625189,0.961,0.18237287331195104,0.4447
95,0.004995640876162328,95,0.0073149024198452635,0.948,0.16387935408524104,0.4544
96,0.004995547663195527,96,0.007424821633668173,0.942,0.16326313600653694,0.4475
97,0.0049954534650260285,97,0.005806307441421917,0.962,0.15668347449529738,0.4504
98,0.004995358281691024,98,0.005598400719463825,0.961,0.152214901078315,0.47
99,0.004995262113228088,99,0.006062722010981469,0.948,0.1605177395400547,0.4585
100,0.004995164959675187,100,0.006267501750872249,0.963,0.16046799776099976,0.4505
101,0.004995066821070676,101,0.006456902649785791,0.956,0.16368177220934912,0.4513
102,0.004994967697453298,102,0.006563000558387665,0.95,0.1818157848857698,0.4387
103,0.004994867588862185,103,0.005660750814491794,0.956,0.17186999434516542,0.436
104,0.00499476649533686,104,0.006924020392554147,0.949,0.1639802955445789,0.4634
105,0.004994664416917232,105,0.0045558288028197625,0.972,0.1807745859736488,0.4488
106,0.0049945613536436,106,0.0070005688993703755,0.951,0.17056189136845726,0.4586
107,0.004994457305556652,107,0.006495450667682148,0.955,0.16276390112581707,0.4555
108,0.004994352272697464,108,0.0043453629172983625,0.973,0.17029655973116556,0.4466
109,0.004994246255107502,109,0.0039815398021822886,0.977,0.166276587332998,0.4524
110,0.00499413925282862,110,0.0046052089892327785,0.973,0.16810405524004074,0.4613
111,0.0049940312659030595,111,0.003632796041312672,0.978,0.15835993446054913,0.4722
112,0.004993922294373454,112,0.002768401899153278,0.983,0.1620278443608965,0.4749
113,0.004993812338282823,113,0.0029752738773822784,0.974,0.1680435583704994,0.45
114,0.0049937013976745735,114,0.003164995373004959,0.983,0.17068798896812257,0.4565
115,0.004993589472592506,115,0.0025660472899852764,0.985,0.16864151855309803,0.4645
116,0.004993476563080805,116,0.0030308363493531942,0.983,0.17102694468838828,0.456
117,0.004993362669184046,117,0.002992805293095963,0.98,0.1670282204945882,0.4646
118,0.004993247790947192,118,0.0028522883852322898,0.98,0.18791250260103318,0.4619
119,0.0049931319284155975,119,0.0032715477448488984,0.978,0.1941294821954909,0.4432
120,0.004993015081635001,120,0.00309656708989115,0.978,0.17731087633541653,0.4358
121,0.00499289725065153,121,0.0031116295472851823,0.975,0.18918503196466538,0.4288
122,0.004992778435511706,122,0.002960892017221167,0.977,0.17841841323035104,0.4651
123,0.004992658636262434,123,0.0024824730076250575,0.985,0.18889079491297403,0.4539
124,0.004992537852951008,124,0.0037777337822176163,0.978,0.19160503773462204,0.4664
125,0.0049924160856251116,125,0.0032149868618164745,0.973,0.19250360557011195,0.4523
126,0.004992293334332817,126,0.0048230123440069815,0.963,0.19045108074233646,0.4349
127,0.0049921695991225834,127,0.0043122076562472755,0.971,0.2047365265233176,0.4357
128,0.0049920448800432615,128,0.005036159573743741,0.965,0.1930687052862985,0.4552
129,0.004991919177144087,129,0.0036979197923626217,0.972,0.19014180785133725,0.445
130,0.004991792490474686,130,0.004648683836594934,0.965,0.1980424831310908,0.4471
131,0.004991664820085072,131,0.005399287744824376,0.963,0.1891578054144269,0.4648
132,0.004991536166025648,132,0.005105580602373395,0.966,0.19337205347560701,0.4384
133,0.004991406528347203,133,0.004327859374738875,0.971,0.18268411145323799,0.4495
134,0.004991275907100917,134,0.0047836994663590475,0.965,0.18783646438802992,0.4448
135,0.004991144302338357,135,0.007790222542271728,0.949,0.20149852661859421,0.4495
136,0.004991011714111478,136,0.006540768558070773,0.954,0.194976202079228,0.4257
137,0.0049908781424726255,137,0.0073499140063566825,0.955,0.19597862575735364,0.427
138,0.00499074358747453,138,0.006074811775414716,0.96,0.1854492214464006,0.4338
139,0.004990608049170312,139,0.005893735991170009,0.956,0.17782589821588426,0.453
140,0.004990471527613479,140,0.005595364208732333,0.968,0.17873740678741817,0.4416
141,0.004990334022857928,141,0.004699075439323981,0.965,0.17032910017740158,0.4725
142,0.0049901955349579445,142,0.003936121351129952,0.973,0.17139380077521008,0.4605
143,0.004990056063968201,143,0.0029515804988997324,0.984,0.1676016874256588,0.4746
144,0.004989915609943759,144,0.0025354381650686264,0.983,0.1644425548258282,0.483
145,0.0049897741729400666,145,0.0021516608650840466,0.991,0.17648743291695912,0.449
146,0.004989631753012961,146,0.0023485560058837847,0.989,0.1685993472735087,0.4624
147,0.004989488350218667,147,0.002642739054170393,0.979,0.1724124177580788,0.4782
148,0.004989343964613799,148,0.003147820055129982,0.977,0.18484734878653572,0.4463
149,0.004989198596255356,149,0.003263154521673208,0.979,0.17874204005513872,0.4694
150,0.004989052245200729,150,0.003010750659519718,0.974,0.1739503725653603,0.4776
151,0.0049889049115076954,151,0.0021028865511263056,0.989,0.17418407201766967,0.4793
152,0.0049887565952344195,152,0.002311193472927525,0.983,0.1790609420765014,0.461
153,0.004988607296439454,153,0.002774024870069254,0.984,0.18022155676569257,0.4662
154,0.004988457015181739,154,0.003201489658316686,0.98,0.18307462306249708,0.4536
155,0.004988305751520604,155,0.004036126347879569,0.976,0.18561340726557232,0.4562
156,0.004988153505515766,156,0.0030657705196755983,0.979,0.18858114452589125,0.4676
157,0.004988000277227328,157,0.0031898708548396826,0.979,0.19697118004163106,0.4675
158,0.004987846066715784,158,0.0026654713742789767,0.982,0.19138072714919135,0.4592
159,0.004987690874042012,159,0.0020739915614415494,0.987,0.19487402609416415,0.46
160,0.004987534699267281,160,0.001894329048116647,0.988,0.18313171508766357,0.4695
161,0.004987377542453246,161,0.003156542001912991,0.983,0.19488745771703267,0.473
162,0.004987219403661948,162,0.003258463427690523,0.985,0.1996475595803488,0.4456
163,0.00498706028295582,163,0.0021925525784137704,0.979,0.1926227051587332,0.454
164,0.00498690018039768,164,0.002636317562844072,0.981,0.1821883723849342,0.4664
165,0.004986739096050734,165,0.002893025188573769,0.978,0.18353491794495355,0.4671
166,0.004986577029978574,166,0.0042216320178427155,0.967,0.2010052543310892,0.4448
167,0.004986413982245184,167,0.004228317045739719,0.97,0.19074496357213883,0.4479
168,0.00498624995291493,168,0.006171383872805606,0.953,0.18881234427293142,0.4666
169,0.00498608494205257,169,0.004758013390182029,0.966,0.2148651340178081,0.434
170,0.004985918949723246,170,0.003466140700592881,0.974,0.1944980188494637,0.4499
171,0.004985751975992491,171,0.003523064222896383,0.974,0.18378107150395712,0.4643
172,0.004985584020926222,172,0.0026256999754834744,0.984,0.17608002523581187,0.4684
173,0.004985415084590746,173,0.0022538378335801618,0.985,0.18465868631998697,0.4626
174,0.004985245167052756,174,0.002143724588677287,0.986,0.20374866383416312,0.448
175,0.004985074268379333,175,0.0018464682036123815,0.989,0.19468301108905248,0.4646
176,0.004984902388637944,176,0.0020659410039938634,0.986,0.18567818119412377,0.4649
177,0.0049847295278964456,177,0.0017865433501789258,0.989,0.19659989788418725,0.4471
178,0.004984555686223079,178,0.0021103853914177136,0.984,0.18276956294264113,0.4832
179,0.0049843808636864766,179,0.0011331631214402261,0.993,0.18139703543413252,0.4854
180,0.004984205060355655,180,0.0014850127654859708,0.991,0.17012227674325306,0.4827
181,0.0049840282763000164,181,0.0020783443026067246,0.986,0.1821876491819109,0.4685
182,0.004983850511589354,182,0.001827824084709088,0.989,0.18409495822020938,0.4678
183,0.004983671766293846,183,0.0016475165695218103,0.991,0.18717218467167446,0.4823
184,0.004983492040484059,184,0.0015211155155806669,0.993,0.18605586758681705,0.4666
185,0.004983311334230945,185,0.0016797613796024095,0.988,0.18593905738421848,0.4701
186,0.004983129647605844,186,0.0010722731655862714,0.99,0.19612538062390827,0.4616
187,0.004982946980680484,187,0.0024494457701664594,0.984,0.203818897548176,0.4514
188,0.004982763333526978,188,0.001546451844097603,0.985,0.2039591194618316,0.4552
189,0.004982578706217828,189,0.001734803990638327,0.987,0.1991817975328082,0.4764
190,0.00498239309882592,190,0.0014146676819239343,0.989,0.20399267673492433,0.4615
191,0.0049822065114245315,191,0.0022676141289550635,0.988,0.1987421799273718,0.4677
192,0.004982018944087322,192,0.0020023013265537365,0.988,0.2068876591466722,0.4614
193,0.004981830396888341,193,0.001759590442469787,0.986,0.19564540159134639,0.4734
194,0.0049816408699020235,194,0.0021720480040780137,0.984,0.20010459210191453,0.4518
195,0.004981450363203192,195,0.0021224808103094497,0.991,0.1940633339541299,0.466
196,0.004981258876867056,196,0.002333608455955982,0.98,0.20396661403633298,0.4658
197,0.004981066410969211,197,0.0019111847338665808,0.987,0.1966423070146924,0.4705
198,0.004980872965585639,198,0.0029892856144301946,0.98,0.19449561209905716,0.4795
199,0.004980678540792711,199,0.002449748799249175,0.982,0.21021045503162203,0.4562
200,0.00498048313666718,200,0.0029026095067993516,0.983,0.19273660324868702,0.4561
201,0.004980286753286191,201,0.0020334344978133836,0.982,0.20807172656059264,0.4569
202,0.00498008939072727,202,0.0022535977519250344,0.98,0.2070185933794294,0.4759
203,0.004979891049068336,203,0.0021373444802260826,0.982,0.19576467346577417,0.481
204,0.00497969172838769,204,0.001994370771128507,0.987,0.2026131871200743,0.4588
205,0.004979491428764021,205,0.003286282753660565,0.977,0.2039815597590946,0.4531
206,0.004979290150276402,206,0.001936755497895536,0.983,0.2063591705901282,0.4618
207,0.0049790878930042965,207,0.002431381604678574,0.984,0.19085810823099955,0.4727
208,0.004978884657027552,208,0.0017096197254778374,0.989,0.18777941380228316,0.4647
209,0.004978680442426403,209,0.0019028095439786003,0.984,0.20469079727218265,0.449
210,0.00497847524928147,210,0.0016113699128341285,0.99,0.20388840436935424,0.4539
211,0.00497826907767376,211,0.004097241154384045,0.976,0.20207333394459315,0.4646
212,0.004978061927684667,212,0.0027830132804367515,0.983,0.2135513749860582,0.4473
213,0.0049778537993959695,213,0.0027231829617882057,0.984,0.20083482719603038,0.4705
214,0.004977644692889834,214,0.0024361610357161788,0.985,0.20140380078837986,0.475
215,0.004977434608248812,215,0.0027581415737846066,0.981,0.20161494882333847,0.4667
216,0.004977223545555841,216,0.0015699522045906633,0.99,0.1902005828562237,0.4815
217,0.004977011504894247,217,0.0013341534649953246,0.992,0.18968005577723185,0.4752
218,0.004976798486347738,218,0.001092312458370413,0.993,0.1960119651896613,0.4703
219,0.004976584490000413,219,0.00176248530347255,0.989,0.2030517721459979,0.4537
220,0.004976369515936751,220,0.0013516912890952967,0.993,0.22088029157547723,0.4413
221,0.004976153564241623,221,0.002746757585555315,0.983,0.22257503739425114,0.4514
222,0.004975936635000283,222,0.001977321686267498,0.984,0.2164656368039903,0.4642
223,0.00497571872829837,223,0.003229067696901482,0.976,0.22603396830104647,0.4452
224,0.004975499844221911,224,0.005026139097199554,0.961,0.20618796376954943,0.4622
225,0.004975279982857318,225,0.0032760516263633257,0.976,0.23091179231802622,0.4427
226,0.004975059144291388,226,0.004125297845651706,0.971,0.21531616775762466,0.4611
227,0.004974837328611306,227,0.005125003911200024,0.967,0.21338956554730734,0.4724
228,0.004974614535904641,228,0.0033753586134740283,0.976,0.211496678846223,0.4494
229,0.004974390766259347,229,0.003794305314797731,0.973,0.20031496328966958,0.4775
230,0.004974166019763766,230,0.003112228742490212,0.979,0.20504471886725653,0.4693
231,0.004973940296506623,231,0.00255520678391414,0.981,0.2001422291710263,0.4596
232,0.004973713596577031,232,0.0030835069095095,0.975,0.1945307914699827,0.4744
233,0.004973485920064487,233,0.0023976435408084875,0.983,0.19300808565957206,0.4855
234,0.004973257267058873,234,0.001807538931080628,0.987,0.19933781765756153,0.4791
235,0.00497302763765046,235,0.002391671900460053,0.981,0.19537507394949596,0.4687
236,0.0049727970319299,236,0.0015980819728048075,0.991,0.19407447604905992,0.4622
237,0.004972565449988234,237,0.0025540568832574146,0.982,0.20073947125957126,0.4588
238,0.004972332891916887,238,0.001948346971489844,0.987,0.20844010100478216,0.4692
239,0.004972099357807667,239,0.001757692953106016,0.99,0.20958047807216645,0.4639
240,0.004971864847752771,240,0.0018632440561694758,0.986,0.19608810473056065,0.476
241,0.004971629361844781,241,0.0009038414289188083,0.995,0.19573571838083723,0.4739
242,0.004971392900176661,242,0.0013539063289672846,0.991,0.19235306836309887,0.4807
243,0.004971155462841765,243,0.001537494594231248,0.989,0.18793673714001974,0.4758
244,0.004970917049933825,244,0.0012546519657397376,0.993,0.18923440887814477,0.483
245,0.004970677661546967,245,0.0016207104504463218,0.988,0.18668079801968165,0.4907
246,0.004970437297775698,246,0.001043718396907761,0.991,0.19716117807797023,0.4745
247,0.004970195958714905,247,0.0010681887340199734,0.992,0.19615454418318612,0.4809
248,0.00496995364445987,248,0.0008707857092044183,0.994,0.18835785871460325,0.4861
249,0.004969710355106252,249,0.00143220083832386,0.99,0.18755860101609004,0.4895
250,0.004969466090750099,250,0.0010945659208421905,0.991,0.1961596788395019,0.4715
251,0.004969220851487842,251,0.0014395392444428233,0.99,0.19244489982014612,0.4707
252,0.004968974637416297,252,0.0013808490863690774,0.99,0.19243262055374327,0.4888
253,0.004968727448632666,253,0.001632270347770481,0.988,0.20951658075764065,0.4636
254,0.004968479285234535,254,0.0020330906901065084,0.986,0.2116097799369267,0.4573
255,0.0049682301473198765,255,0.003956848159543283,0.979,0.21261882044020153,0.4642
256,0.004967980034987045,256,0.0029624714626975005,0.976,0.21074914577461423,0.4498
257,0.004967728948334781,257,0.0013181602421571455,0.991,0.20189083828812554,0.454
258,0.004967476887462209,258,0.0014649329241365194,0.991,0.2006481375013079,0.459
259,0.004967223852468839,259,0.0009394301727990664,0.997,0.20302803260939462,0.4612
260,0.0049669698434545665,260,0.0016246794063287477,0.992,0.19533371400265467,0.4824
261,0.004966714860519668,261,0.001800167550321757,0.989,0.19577209835960752,0.4742
262,0.004966458903764808,262,0.0013336597268270062,0.993,0.19695067774681818,0.474
263,0.004966201973291034,263,0.0010797212973037468,0.995,0.20220129702772413,0.4714
264,0.004965944069199778,264,0.0010109526892414405,0.993,0.21031760275363923,0.4559
265,0.004965685191592855,265,0.0018546137615062651,0.99,0.2083791562489101,0.4691
266,0.004965425340572469,266,0.0010995886377280666,0.992,0.21077706246148972,0.4556
267,0.004965164516241203,267,0.0014008547988764587,0.989,0.19620119375841957,0.4836
268,0.004964902718702027,268,0.0015136230143807119,0.991,0.19625667276836578,0.4765
269,0.004964639948058294,269,0.0012693092049587342,0.991,0.1975249768722625,0.4679
270,0.0049643762044137415,270,0.003818756091364083,0.977,0.18893297740391324,0.4879
271,0.004964111487872492,271,0.0019060804541887982,0.985,0.19857274762221744,0.4731
272,0.004963845798539051,272,0.0014569302909963188,0.991,0.2113808680148352,0.4658
273,0.004963579136518309,273,0.002083214365744165,0.984,0.2018726252374195,0.489
274,0.004963311501915538,274,0.0011743350076444802,0.991,0.2005824537504287,0.4817
275,0.004963042894836399,275,0.0012996015526975195,0.988,0.19975954450312114,0.4776
276,0.004962773315386931,276,0.0006905222225690349,0.996,0.1948710214524042,0.4742
277,0.004962502763673562,277,0.0008385144340406571,0.994,0.1901158535764331,0.4873
278,0.004962231239803099,278,0.0006822592916987127,0.994,0.18790798542045412,0.492
279,0.004961958743882738,279,0.0006644865331639137,0.993,0.19041173046543486,0.4891
280,0.0049616852760200544,280,0.0005019477227636214,0.997,0.19324078290235427,0.4864
281,0.004961410836323009,281,0.0005794705232671861,0.998,0.19647688766320545,0.4837
282,0.004961135424899948,282,0.0003871301818262076,0.999,0.20242334008216858,0.4794
283,0.004960859041859597,283,0.000516178476876424,0.996,0.2014161277384985,0.4829
284,0.0049605816873110695,284,0.0005359018811889525,0.996,0.2088278360310055,0.4743
285,0.004960303361363859,285,0.0006647977376511941,0.995,0.21011153544698444,0.4786
286,0.004960024064127846,286,0.0010508896735873783,0.996,0.2100491354862849,0.4739
287,0.004959743795713292,287,0.00044863939651155045,0.998,0.20672047294321513,0.473
288,0.004959462556230841,288,0.0003886506573984488,0.998,0.2015040948277428,0.4766
289,0.004959180345791524,289,0.0003185032484387713,0.999,0.19986931326843443,0.481
290,0.004958897164506752,290,0.0002968727796022514,0.998,0.1973378475223269,0.4882
291,0.004958613012488322,291,0.000676465355181357,0.995,0.20834114579927354,0.4767
292,0.0049583278898484105,292,0.000494302310731395,0.998,0.20524920452208745,0.4816
293,0.00495804179669958,293,0.0006237168016100657,0.994,0.21123737692832947,0.4798
294,0.004957754733154777,294,0.001045683941074891,0.992,0.208337626570747,0.4726
295,0.0049574666993273285,295,0.0008570145180870202,0.994,0.21568949023882547,0.469
296,0.004957177695330946,296,0.0013741949265490153,0.992,0.21604529519875845,0.4737
297,0.0049568877212797235,297,0.0023875185676539936,0.984,0.2129135834319251,0.4707
298,0.004956596777288138,298,0.0018857801443941536,0.985,0.20610596069267817,0.4701
299,0.00495630486347105,299,0.0013342529003109252,0.988,0.20808282650652385,0.4746
300,0.0049560119799437015,300,0.0019352370609773235,0.986,0.21418255269527436,0.4734
301,0.004955718126821719,301,0.0017759638777490529,0.987,0.21656512249083745,0.4686
302,0.0049554233042211114,302,0.001975288747676781,0.987,0.22587398489316304,0.4668
303,0.00495512751225827,303,0.0018038514577451029,0.988,0.23055356925442105,0.4599
304,0.004954830751049968,304,0.0017231432831890526,0.989,0.21350979804992676,0.4763
305,0.004954533020713364,305,0.0018116946303052828,0.986,0.21176541915961675,0.4836
306,0.004954234321365995,306,0.0020036181744043937,0.989,0.23200056680611203,0.4537
307,0.004953934653125783,307,0.0020576261505041095,0.986,0.21655873145375934,0.4501
308,0.004953634016111033,308,0.0023709772753396203,0.985,0.21173321931135086,0.4757
309,0.004953332410440431,309,0.0022513519728644973,0.987,0.2168709708111627,0.4774
310,0.004953029836233047,310,0.0017259208363525215,0.984,0.22916590699127742,0.4625
311,0.004952726293608331,311,0.0021477803654436555,0.985,0.21478799240929738,0.4663
312,0.00495242178268612,312,0.001989603851966205,0.983,0.22647908954393295,0.4667
313,0.0049521163035866275,313,0.0020118444781040863,0.984,0.2229317660842623,0.467
314,0.004951809856430452,314,0.003367052779399923,0.981,0.225816629472233,0.453
315,0.004951502441338574,315,0.004137117626322876,0.975,0.22105044907047636,0.4525
316,0.004951194058432358,316,0.002511339517132867,0.98,0.2106857901527768,0.4669
317,0.004950884707833546,317,0.003639030170493892,0.975,0.2226647110212417,0.453
318,0.004950574389664266,318,0.0025830574422365145,0.977,0.22540094540232702,0.4533
319,0.004950263104047027,319,0.0022612320469869744,0.987,0.2158582248858043,0.4618
320,0.004949950851104719,320,0.0019027391681447625,0.988,0.19715508279346283,0.4702
321,0.004949637630960613,321,0.0014913437411277776,0.991,0.20675471907570248,0.4637
322,0.004949323443738367,322,0.001980457410571121,0.986,0.2186624194894518,0.4597
323,0.004949008289562015,323,0.002180058764116395,0.988,0.24572145129953113,0.4582
324,0.004948692168555975,324,0.001441389632721742,0.986,0.2228019552571433,0.4726
325,0.0049483750808450465,325,0.001518720383977606,0.988,0.21005191845553262,0.4603
326,0.004948057026554411,326,0.0012305509631655046,0.99,0.20673879910083043,0.4666
327,0.004947738005809631,327,0.001381475317646705,0.99,0.20618368827161335,0.4758
328,0.0049474180187366506,328,0.0018110471566961635,0.992,0.2201068189882097,0.465
329,0.004947097065461797,329,0.001140828504936681,0.992,0.209441961986678,0.4821
330,0.004946775146111775,330,0.0016066072040259662,0.988,0.21617576678593953,0.4733
331,0.004946452260813676,331,0.0008290838034424398,0.992,0.2116178313891093,0.478
332,0.004946128409694969,332,0.0014877408559966301,0.988,0.21011496001765842,0.4706
333,0.004945803592883505,333,0.0007470785363000774,0.994,0.21744325629302433,0.4543
334,0.0049454778105075155,334,0.0010432444645890168,0.993,0.20616390506426494,0.4736
335,0.004945151062695615,335,0.0011149959145335569,0.993,0.21656765512057713,0.4701
336,0.0049448233495768,336,0.0005311476069480358,0.997,0.2227657450096948,0.4656
337,0.004944494671280445,337,0.0016451222334234487,0.989,0.20460878582227798,0.4719
338,0.004944165027936307,338,0.0009630996445637374,0.993,0.20861269930998486,0.4686
339,0.004943834419674524,339,0.002153704475079264,0.989,0.20425008833408356,0.4751
340,0.004943502846625615,340,0.0013942835711142315,0.992,0.2224215947446369,0.446
341,0.004943170308920479,341,0.0017126052657009236,0.989,0.21788753114995502,0.4744
342,0.004942836806690398,342,0.0015431369593854817,0.992,0.22455727486383348,0.4736
343,0.004942502340067032,343,0.001355977315965685,0.991,0.2299763723498299,0.4791
344,0.004942166909182425,344,0.0011607150441878254,0.99,0.21756040652592976,0.4757
345,0.0049418305141689985,345,0.001936354136670984,0.988,0.21395265218757448,0.4734
346,0.004941493155159556,346,0.002516179922081175,0.985,0.2180153570004872,0.4548
347,0.004941154832287282,347,0.0011948496990260623,0.991,0.20393666383765993,0.4695
348,0.00494081554568574,348,0.0014735950805645967,0.99,0.21360083704903013,0.4718
349,0.004940475295488876,349,0.0014924603636332211,0.99,0.2189415740115302,0.4664
350,0.004940134081831015,350,0.0019265561519811551,0.989,0.222246321610042,0.4499
351,0.004939791904846863,351,0.0016279063725267492,0.991,0.21166475074631827,0.4738
352,0.004939448764671506,352,0.001961387305830916,0.987,0.20420444224561965,0.4752
353,0.00493910466144041,353,0.0022780307003163864,0.985,0.21091040614105405,0.4793
354,0.004938759595289421,354,0.0033452346521828857,0.979,0.21686887116659256,0.4592
355,0.004938413566354767,355,0.00301293283700943,0.982,0.23249556507383073,0.4424
356,0.0049380665747730534,356,0.002827780864511927,0.976,0.21657431040491376,0.4618
357,0.0049377186206812675,357,0.0032678579002441395,0.982,0.22875337089811051,0.451
358,0.0049373697042167765,358,0.0029707392455921287,0.979,0.2417355526061285,0.4438
359,0.004937019825517327,359,0.002605336041943658,0.981,0.22316262764590128,0.476
360,0.004936668984721045,360,0.0020381021257933406,0.988,0.23339860169660478,0.4599
361,0.0049363171819664375,361,0.002424363983750698,0.988,0.20275206310408456,0.4798
362,0.00493596441739239,362,0.001744366334086018,0.986,0.20582655739216577,0.4743
363,0.004935610691138169,363,0.002436870653625755,0.981,0.2193648887532098,0.4396
364,0.00493525600334342,364,0.0016011940301506825,0.988,0.20921837389469147,0.4522
365,0.004934900354148167,365,0.00211028746395771,0.986,0.21117912232875824,0.4656
366,0.004934543743692816,366,0.001986687681415961,0.986,0.2134747007063457,0.4771
367,0.004934186172118151,367,0.0015671867489193876,0.986,0.21083183657555354,0.4647
368,0.004933827639565335,368,0.0014312238476815679,0.99,0.2148771420830772,0.4623
369,0.0049334681461759115,369,0.0021938648507265107,0.986,0.2095577183223906,0.4737
370,0.004933107692091803,370,0.001590087016146364,0.991,0.20674451390902202,0.4858
371,0.0049327462774553105,371,0.0005454641276238752,0.996,0.19939910443056197,0.4815
372,0.004932383902409115,372,0.0005873072728891635,0.995,0.20337928320680346,0.4794
373,0.004932020567096275,373,0.001017337339276093,0.993,0.20843343209652673,0.4752
374,0.004931656271660232,374,0.0009714482210776103,0.992,0.22179278518472398,0.4614
375,0.004931291016244803,375,0.0007772054689537201,0.996,0.21220355133215588,0.473
376,0.004930924800994185,376,0.0013975862945829118,0.991,0.21183696971053168,0.4797
377,0.004930557626052954,377,0.002011044954304539,0.992,0.2110681495496205,0.4847
378,0.0049301894915660645,378,0.0019020155609940134,0.987,0.20529716468992687,0.4821
379,0.0049298203976788505,379,0.001066869121998371,0.993,0.20791049145516896,0.4862
380,0.004929450344537025,380,0.0014295382536060753,0.99,0.21368349960872104,0.4755
381,0.004929079332286678,381,0.0028769365800101134,0.981,0.24045966792674292,0.4471
382,0.00492870736107428,382,0.0025170668793310013,0.981,0.19972190672443027,0.4746
383,0.004928334431046679,383,0.0018115037708498892,0.988,0.19773485234805516,0.4797
384,0.004927960542351103,384,0.001285614497083727,0.991,0.19729612937995367,0.4773
385,0.004927585695135155,385,0.0011153761408336106,0.989,0.20284414745512463,0.4775
386,0.004927209889546821,386,0.0005239052379259928,0.996,0.20473238896755946,0.4771
387,0.004926833125734462,387,0.0010344815714883485,0.994,0.21698601359412784,0.4528
388,0.0049264554038468186,388,0.001381530551173325,0.991,0.2127664621387209,0.4651
389,0.0049260767240330095,389,0.0010793669304500024,0.993,0.2166619258267539,0.4739
390,0.004925697086442531,390,0.0011449748944003311,0.99,0.1995176477091653,0.4826
391,0.004925316491225258,391,0.0015507152780801768,0.988,0.19797444769314357,0.489
392,0.004924934938531445,392,0.0015668756539179455,0.989,0.20382399672553653,0.4776
393,0.0049245524285117205,393,0.000896803498367912,0.993,0.20782645018327803,0.4671
394,0.004924168961317096,394,0.0016682992212563043,0.989,0.20415701270103453,0.4616
395,0.004923784537098956,395,0.0016021960154397501,0.989,0.20031873328345162,0.4706
396,0.004923399156009066,396,0.0006028185550045843,0.997,0.2039916529541924,0.4709
397,0.004923012818199569,397,0.0007157549178893012,0.994,0.2075459450483322,0.4836
398,0.004922625523822985,398,0.0010975235297034185,0.991,0.2154634688581739,0.4699
399,0.004922237273032211,399,0.0009539097012575006,0.995,0.21167284945646922,0.475
400,0.004921848065980523,400,0.0005187122165114575,0.998,0.20787575202328817,0.4749
401,0.004921457902821572,401,0.0005879755716748713,0.996,0.203849295491264,0.4798
402,0.00492106678370939,402,0.0007837964277271004,0.995,0.20357666455564044,0.4835
403,0.004920674708798384,403,0.0026621511067441176,0.981,0.20734597203277405,0.4809
404,0.0049202816782433385,404,0.002165417089210158,0.987,0.22423577904701233,0.468
405,0.004919887692199416,405,0.0013348041822956432,0.99,0.21777833345390502,0.4762
406,0.004919492750822157,406,0.0014770805442129217,0.989,0.21859346883637565,0.4732
407,0.0049190968542674775,407,0.0015062435663172177,0.986,0.2201636567002251,0.4655
408,0.0049187000026916705,408,0.001226771006172168,0.993,0.20871822777248564,0.4777
409,0.004918302196251408,409,0.000962364127016848,0.992,0.20581406142030442,0.4748
410,0.004917903435103736,410,0.0006546198648201036,0.995,0.20543502356324878,0.4738
411,0.004917503719406081,411,0.001592537719781311,0.989,0.1938240532364164,0.4813
412,0.004917103049316242,412,0.0005170278780583647,0.996,0.19392630188238053,0.476
413,0.0049167014249924005,413,0.0008852693108132197,0.993,0.19774710677918933,0.4808
414,0.0049162988465931085,414,0.0003762529751319172,0.998,0.20313797678266252,0.476
415,0.004915895314277299,415,0.000867089216453245,0.995,0.20601128325575874,0.4846
416,0.00491549082820428,416,0.0008343172556210664,0.995,0.20905790456703732,0.4807
417,0.004915085388533736,417,0.0010033351524422567,0.996,0.2268797706990015,0.4674
418,0.0049146789954257275,418,0.0008155849909165962,0.995,0.21667664490994953,0.4777
419,0.004914271649040693,419,0.0008459259822432484,0.992,0.21407599307241895,0.4941
420,0.004913863349539447,420,0.000569080040718074,0.995,0.21762055399872007,0.4803
421,0.0049134540970831786,421,0.001233358628399271,0.991,0.20583105654943556,0.48
422,0.004913043891833454,422,0.0007973597114739407,0.997,0.21676383515199024,0.4765
423,0.004912632733952217,423,0.0012377944713946256,0.991,0.21390127965382166,0.4936
424,0.004912220623601784,424,0.0011053849690749,0.993,0.21094132619244713,0.4821
425,0.004911807560944852,425,0.0010246022055590792,0.99,0.2192514941805885,0.4754
426,0.00491139354614449,426,0.0018686318847661216,0.988,0.22402158876260123,0.4675
427,0.004910978579364145,427,0.0016256590662080618,0.991,0.2377885314680281,0.4472
428,0.00491056266076764,428,0.0013026789141197999,0.988,0.21616981114659992,0.4675
429,0.004910145790519171,429,0.001721598604317045,0.987,0.2174255240531195,0.459
430,0.004909727968783315,430,0.002919984025148941,0.985,0.22656894170102618,0.4672
431,0.004909309195725018,431,0.0024218916438431257,0.988,0.2357590004092171,0.4743
432,0.004908889471509608,432,0.0023770759885554157,0.984,0.2235355788753146,0.4766
433,0.004908468796302784,433,0.0013410484811867632,0.99,0.23355026713439397,0.4655
434,0.004908047170270622,434,0.00125362322155741,0.989,0.22866463377362206,0.4579
435,0.004907624593579573,435,0.0009094197801979524,0.995,0.22212715872696467,0.4617
436,0.004907201066396464,436,0.0008003913071228279,0.993,0.2166162988969258,0.4669
437,0.004906776588888496,437,0.0009214329336481612,0.992,0.22003417227949415,0.4747
438,0.004906351161223246,438,0.0005357878094184256,0.997,0.2205467368875231,0.4752
439,0.004905924783568668,439,0.0005245043735374652,0.998,0.21356821386587052,0.4718
440,0.004905497456093089,440,0.0008652304982422807,0.992,0.23156732405935015,0.4661
441,0.004905069178965208,441,0.0006863868676148178,0.996,0.23389443442935035,0.4754
442,0.004904639952354105,442,0.00044455428654882346,0.997,0.2245435812643596,0.473
443,0.004904209776429231,443,0.0007502391762543647,0.995,0.21349821303571972,0.4871
444,0.004903778651360413,444,0.00048150164089054756,0.997,0.21554510848862785,0.4977
445,0.004903346577317852,445,0.0009506093102529468,0.993,0.22395048297586895,0.4779
446,0.004902913554472123,446,0.0013761505702166773,0.991,0.22623484716528938,0.4583
447,0.004902479582994178,447,0.001685324640545462,0.988,0.23157997642244613,0.4672
448,0.004902044663055341,448,0.002418579295321944,0.986,0.24061631688049862,0.4568
449,0.0049016087948273125,449,0.0016571815912833526,0.988,0.23632593949635824,0.4584
450,0.004901171978482166,450,0.002854576350988022,0.984,0.23259649319308145,0.4679
451,0.00490073421419235,451,0.0020869463970441195,0.983,0.23589221352622622,0.4519
452,0.004900295502130686,452,0.0038980165596253107,0.978,0.2369271606206894,0.48
453,0.004899855842470372,453,0.004793196966472481,0.977,0.23584372401237488,0.466
454,0.004899415235384977,454,0.003313228548947899,0.975,0.22615061132680803,0.4532
455,0.004898973681048446,455,0.0019671889465479623,0.986,0.23134693063440778,0.4549
456,0.0048985311796351,456,0.0033537610711175062,0.98,0.24589410055251348,0.4573
457,0.004898087731319628,457,0.0038145161455585843,0.976,0.237837372365452,0.466
458,0.004897643336277098,458,0.002190872103840645,0.985,0.24947776028088162,0.4602
459,0.004897197994682951,459,0.0026075688961316786,0.981,0.21826064175083523,0.4833
460,0.004896751706712999,460,0.0014537991567825277,0.992,0.21544289688269297,0.4808
461,0.004896304472543431,461,0.0015468708976792793,0.992,0.21035174372650328,0.482
462,0.004895856292350808,462,0.0015623639115975017,0.992,0.20976408421993256,0.4681
463,0.004895407166312063,463,0.0017868159227960167,0.989,0.21090407981759027,0.4705
464,0.004894957094604506,464,0.0015459052741616255,0.993,0.2127611015524183,0.4658
465,0.004894506077405815,465,0.0019029644761411916,0.988,0.22304792148726327,0.4665
466,0.004894054114894047,466,0.002996489566396035,0.988,0.22472997861249105,0.4691
467,0.004893601207247629,467,0.001757915561375696,0.989,0.22180637802396502,0.4618
468,0.004893147354645362,468,0.0013227926378714897,0.992,0.2155908743540446,0.4694
469,0.004892692557266419,469,0.0010004746062414987,0.989,0.20728101886454084,0.4704
470,0.004892236815290348,470,0.0008322044588913698,0.995,0.19756181566488176,0.4795
471,0.004891780128897068,471,0.00043025283264883215,0.999,0.19511941614605133,0.4871
472,0.004891322498266871,472,0.0005721689646764259,0.996,0.20010235735348292,0.4853
473,0.004890863923580424,473,0.0003882656532195618,0.996,0.19608695152260008,0.4858
474,0.0048904044050187626,474,0.000403025877555289,0.996,0.20344755550225577,0.4815
475,0.004889943942763299,475,0.0004944236896422115,0.997,0.20430878131162553,0.4853
476,0.004889482536995816,476,0.00045070910709910095,0.998,0.20888041172708785,0.4879
477,0.004889020187898471,477,0.00013048474284005351,1.0,0.20715805164405277,0.4884
478,0.0048885568956537895,478,0.0007447547586274421,0.997,0.20645092342581067,0.4841
479,0.004888092660444673,479,0.00016043491251323196,1.0,0.2070392221212387,0.4804
480,0.0048876274824543944,480,0.0005333709583889382,0.996,0.2097626947221302,0.478
481,0.004887161361866599,481,0.0006597952011534723,0.997,0.2132777872539702,0.474
482,0.004886694298865303,482,0.0005414423981814512,0.996,0.20887069077718826,0.4774
483,0.0048862262936348955,483,0.0007875825457241652,0.993,0.2104492072548185,0.4803
484,0.004885757346360138,484,0.0008520322745815585,0.994,0.21184305619625818,0.4721
485,0.004885287457226163,485,0.00042317836362469407,0.998,0.2178751526843934,0.4564
486,0.004884816626418475,486,0.0005618222899751604,0.994,0.20749503005118597,0.4752
487,0.004884344854122952,487,0.0002709753011697016,0.998,0.2070835789044698,0.4809
488,0.004883872140525841,488,0.00021904641852459115,0.998,0.2077883867990403,0.4861
489,0.004883398485813762,489,0.000553096736742494,0.995,0.2092526838892982,0.4858
490,0.004882923890173707,490,0.0001702373639480876,1.0,0.20922341701530275,0.4821
491,0.0048824483537930384,491,0.0005056046117845524,0.996,0.2091664363940557,0.4802
492,0.00488197187685949,492,0.00019710623503973088,0.998,0.21826629482564472,0.4733
493,0.004881494459561168,493,0.000450163844756649,0.997,0.2105951107683636,0.4833
494,0.004881016102086549,494,0.0002678390888572072,0.996,0.20671973398753574,0.4949
495,0.004880536804624481,495,0.0003125398590262713,0.998,0.20916724105676016,0.4931
496,0.004880056567364182,496,0.0003773992592912345,0.998,0.21196699213413966,0.493
497,0.0048795753904952435,497,0.0000795028046836489,0.999,0.21967526915527524,0.4884
498,0.004879093274207627,498,0.00031051749552023553,0.998,0.21614189559505098,0.4909
499,0.004878610218691663,499,0.00042274418713835377,0.997,0.21073478985400426,0.4957
500,0.0048781262241380545,500,0.0005184543725114228,0.997,0.2114536315202713,0.4947
501,0.004877641290737875,501,0.0007603391055627504,0.996,0.2288720287027813,0.4772
502,0.004877155418682568,502,0.0013920693018008024,0.998,0.2152505983908971,0.4717
503,0.004876668608163949,503,0.0014413665131931858,0.995,0.21496503324735733,0.4683
504,0.004876180859374202,504,0.0011053113710312616,0.994,0.22329056078479403,0.4787
505,0.004875692172505884,505,0.0005832751575369565,0.995,0.2167665944212959,0.4801
506,0.00487520254775192,506,0.0008777329626138366,0.996,0.2095383360272362,0.4783
507,0.004874711985305606,507,0.0006140484821073533,0.996,0.21220861474672953,0.4751
508,0.004874220485360608,508,0.0005701432829872439,0.994,0.2107035306237993,0.4831
509,0.004873728048110963,509,0.00036155878305656924,0.997,0.22614072461922963,0.4702
510,0.004873234673751077,510,0.0006936819263501093,0.995,0.2213933235123044,0.4826
511,0.004872740362475727,511,0.0006958861021779566,0.997,0.22646612269537789,0.4798
512,0.004872245114480058,512,0.00046531174164209956,0.996,0.23257858384223212,0.4655
513,0.004871748929959587,513,0.0009819280475355861,0.994,0.2214696711017972,0.4773
514,0.0048712518091102,514,0.0003548830475968619,0.998,0.21680852274099985,0.4836
515,0.0048707537521281525,515,0.0009463325314711602,0.992,0.22045391769636244,0.4811
516,0.004870254759210069,516,0.0006353457886559356,0.994,0.21445409740720475,0.4876
517,0.004869754830552945,517,0.0002674530967072185,0.998,0.22323367907887415,0.4727
518,0.004869253966354142,518,0.0005779276169570429,0.995,0.21415633346353258,0.4818
519,0.004868752166811395,519,0.0004733494688047185,0.998,0.21484020948410035,0.4895
520,0.004868249432122807,520,0.0003312587399531843,0.998,0.2241542848802748,0.4859
521,0.0048677457624868485,521,0.00028063827076472254,0.999,0.22885280847549438,0.4746
522,0.0048672411581023615,522,0.0008209943009119126,0.992,0.2233807609194801,0.4817
523,0.0048667356191685555,523,0.0011323779735470279,0.994,0.22461376261143456,0.482
524,0.004866229145885008,524,0.0007403188217375871,0.994,0.22442483731678553,0.4819
525,0.004865721738451668,525,0.00023637458174822053,1.0,0.22161444851330347,0.4832
526,0.004865213397068851,526,0.001086863449017983,0.995,0.2238834893419629,0.4808
527,0.004864704121937243,527,0.0009255180020339875,0.992,0.2204439552057357,0.4876
528,0.004864193913257897,528,0.0016116942667091887,0.992,0.2411383696964809,0.4692
529,0.004863682771232236,529,0.0012446603255479463,0.991,0.24771151684579396,0.4564
530,0.004863170696062051,530,0.0021943260591277586,0.989,0.2516636615707761,0.4386
531,0.0048626576879495,531,0.0016636520407960884,0.99,0.22978349427382153,0.4693
532,0.004862143747097111,532,0.0020472538834881214,0.985,0.23931968964281536,0.4542
533,0.00486162887370778,533,0.003035680324371372,0.979,0.23394995516254788,0.4615
534,0.004861113067984771,534,0.0026283441887547574,0.98,0.223039586913018,0.469
535,0.004860596330131715,535,0.002090152114674094,0.988,0.24056746434597742,0.4446
536,0.004860078660352613,536,0.0034359294832462355,0.98,0.24074692201046716,0.4691
537,0.004859560058851832,537,0.002046838959878577,0.986,0.24844852132456643,0.4621
538,0.004859040525834108,538,0.0032350679504729455,0.98,0.21244870452653794,0.4745
539,0.004858520061504544,539,0.002638507734185883,0.984,0.21752980110191164,0.4728
540,0.004857998666068612,540,0.0026355552087937084,0.983,0.2247304135844821,0.4655
541,0.00485747633973215,541,0.0019199375639713946,0.985,0.2106494449433826,0.4746
542,0.004856953082701364,542,0.001119477485883094,0.989,0.20697428910505203,0.4822
543,0.004856428895182828,543,0.0008327456349174359,0.993,0.21016527981985184,0.4778
544,0.004855903777383484,544,0.001167041523980775,0.993,0.2190962804215295,0.4703
545,0.004855377729510638,545,0.0015664695903459297,0.992,0.21170756235009147,0.481
546,0.004854850751771966,546,0.0006510811404690944,0.995,0.20087488407180423,0.495
547,0.004854322844375511,547,0.0009075044661239233,0.994,0.20034399330615998,0.4974
548,0.004853794007529682,548,0.00033582619895848137,0.997,0.20656799915291013,0.494
549,0.004853264241443256,549,0.0006284360001916953,0.994,0.20219042613392785,0.4983
550,0.004852733546325377,550,0.000627799681665021,0.995,0.2052256934699558,0.4916
551,0.004852201922385553,551,0.0009044516738781351,0.994,0.20435930760133833,0.4907
552,0.004851669369833661,552,0.0006177019902333129,0.997,0.20892396569252014,0.4876
553,0.0048511358888799466,553,0.00030070395552597587,0.997,0.21772150652749198,0.482
554,0.004850601479735017,554,0.0007211957521836407,0.995,0.2146357001293273,0.4845
555,0.004850066142609849,555,0.00037267366548933623,0.998,0.20770627416315532,0.4871
556,0.004849529877715787,556,0.0005217403061881972,0.995,0.20297472107978093,0.4867
557,0.004848992685264539,557,0.0005791394065627607,0.997,0.20495321041061765,0.4818
558,0.0048484545654681795,558,0.00029259820682151866,0.998,0.2050553185599191,0.4793
559,0.0048479155185391495,559,0.0004028616226389117,0.997,0.20394780309427352,0.4806
560,0.0048473755446902566,560,0.0002772865080346708,0.998,0.20543449620405832,0.4862
561,0.004846834644134675,561,0.0003935392787319697,0.997,0.20804715284279415,0.4885
562,0.004846292817085941,562,0.00016410091761610515,0.999,0.21712285663400377,0.485
563,0.004845750063757961,563,0.0007333440063077779,0.997,0.21351831101235888,0.4856
564,0.004845206384365006,564,0.0006162935155554719,0.995,0.2135287907861528,0.4853
565,0.004844661779121712,565,0.0006612396575205604,0.995,0.2348118816103254,0.4664
566,0.004844116248243079,566,0.0010677782868567323,0.993,0.22965094759350732,0.4789
567,0.004843569791944475,567,0.0017236856226753887,0.992,0.22893844289439066,0.4847
568,0.004843022410441632,568,0.0012010388614033304,0.994,0.22266183821927935,0.4751
569,0.004842474103950648,569,0.0016697314512428073,0.989,0.22462874878020514,0.4682
570,0.004841924872687985,570,0.0004917796960355537,0.997,0.22989553525334314,0.4705
571,0.004841374716870472,571,0.0011910858974304227,0.989,0.2159978348584402,0.4847
572,0.0048408236367153,572,0.0013237307374809114,0.992,0.2272102896656309,0.473
573,0.0048402716324400285,573,0.001874250370920414,0.987,0.22596387565135956,0.4582
574,0.004839718704262578,574,0.0014077190523191045,0.991,0.2295521937665485,0.4579
575,0.004839164852401238,575,0.000500121774772803,0.996,0.23525557063874744,0.4645
576,0.004838610077074659,576,0.001223130902785453,0.991,0.22247121234734854,0.4798
577,0.004838054378501858,577,0.0009562860636617101,0.994,0.22480714377902802,0.4801
578,0.004837497756902217,578,0.0007326270698242643,0.995,0.23411766233898346,0.4583
579,0.004836940212495479,579,0.0010574397123751364,0.99,0.22853153688567027,0.4699
580,0.004836381745501756,580,0.001214607983932919,0.99,0.23271985394614084,0.4773
581,0.004835822356141521,581,0.0009619437000115535,0.991,0.23178344397317796,0.4748
582,0.004835262044635611,582,0.0013839370887061314,0.992,0.22744952113855452,0.4762
583,0.0048347008112052305,583,0.000888068238661314,0.993,0.2229440893445696,0.4839
584,0.004834138656071943,584,0.0012946527553833135,0.992,0.21866229673226675,0.4909
585,0.00483357557945768,585,0.0005998860689855757,0.996,0.23054001728693643,0.473
586,0.004833011581584736,586,0.0008543700595120234,0.993,0.22676727856908527,0.4724
587,0.0048324466626757665,587,0.0005340898226547454,0.996,0.22579443341209776,0.4855
588,0.004831880822953794,588,0.0010132724543966884,0.993,0.22558531023207165,0.4873
589,0.004831314062642202,589,0.0010053586419893517,0.992,0.23112523342881883,0.4782
590,0.00483074638196474,590,0.0016681741690263152,0.988,0.23551781489735557,0.4694
591,0.004830177781145517,591,0.0009526050111855424,0.993,0.23591665497847966,0.4651
592,0.0048296082604090095,592,0.0018555429733602242,0.984,0.2388843175910768,0.4611
593,0.004829037819980055,593,0.0017524490956150527,0.988,0.2439283555462247,0.4632
594,0.004828466460083853,594,0.0008579857212247415,0.995,0.2536850844110761,0.4616
595,0.004827894180945969,595,0.0017019834125503188,0.987,0.23805648045880454,0.4702
596,0.004827320982792329,596,0.0017201266323571048,0.989,0.22962708657696135,0.4792
597,0.004826746865849223,597,0.0010938987002841064,0.995,0.23115182263510567,0.4813
598,0.0048261718303433026,598,0.0021176879443893476,0.986,0.22962935169537863,0.4611
599,0.0048255958765015825,599,0.0017515934041945176,0.991,0.2376326044400533,0.4691
600,0.0048250190045514415,600,0.0018454812650036598,0.986,0.2320001230353401,0.4687
601,0.0048244412147206185,601,0.0016993259064509488,0.988,0.22404030561447144,0.4727
602,0.004823862507237216,602,0.0013827095764489578,0.989,0.23068548000994182,0.4776
603,0.004823282882329698,603,0.0008729654877069628,0.994,0.22446292965185075,0.4695
604,0.004822702340226892,604,0.0008253023122614693,0.993,0.2277226223832085,0.4588
605,0.004822120881157987,605,0.0009441915781713934,0.996,0.22931471325102307,0.4712
606,0.0048215385053525335,606,0.0008204410634269672,0.992,0.23447660335472653,0.4762
607,0.004820955213040444,607,0.0008249648159281129,0.995,0.22993477001076654,0.4782
608,0.004820371004451992,608,0.0013156886894388922,0.994,0.2239293765454065,0.4761
609,0.004819785879817816,609,0.0007729002225546754,0.998,0.23126605522064936,0.466
610,0.004819199839368913,610,0.0008916101228567728,0.994,0.2229591538508733,0.4743
611,0.004818612883336642,611,0.0004442373077229907,0.997,0.22939910576457068,0.4674
612,0.0048180250119527245,612,0.0007934202793486682,0.995,0.22312332562037876,0.4789
613,0.004817436225449243,613,0.0010681702918927407,0.992,0.22886183801151458,0.4752
614,0.004816846524058641,614,0.0016395683345590008,0.986,0.2321975384439741,0.4693
615,0.0048162559080137226,615,0.0014230903360016999,0.991,0.23327990089144027,0.4544
616,0.0048156643775476545,616,0.001608479210214379,0.993,0.2341571128084546,0.4555
617,0.004815071932893962,617,0.00039702748125862507,0.998,0.24067104132402511,0.4704
618,0.004814478574286536,618,0.0008550751427676351,0.993,0.2412217106137957,0.4739
619,0.004813884301959623,619,0.0009429389118893249,0.996,0.23579283824988773,0.4749
620,0.004813289116147833,620,0.0007776184031085688,0.996,0.23585610886414846,0.4664
621,0.0048126930170861336,621,0.0010142086497840605,0.991,0.23724130335308258,0.4678
622,0.004812096005009858,622,0.00035242057527371104,0.998,0.23070220039004372,0.4804
623,0.004811498080154695,623,0.0006016389036501225,0.996,0.21370242365768977,0.4858
624,0.004810899242756698,624,0.0002450910306790666,0.998,0.21695923947152637,0.4837
625,0.0048102994930522775,625,0.00014299752885043354,0.999,0.21899601334617252,0.4842
626,0.004809698831278205,626,0.0007858296353550118,0.998,0.2166590166943414,0.4921
627,0.004809097257671613,627,0.00032116188265804554,0.998,0.21982653410661787,0.4894
628,0.0048084947724699924,628,0.0007641635331224062,0.996,0.2156528237320128,0.4874
629,0.0048078913759111944,629,0.0004964765144645103,0.999,0.2245722485440118,0.4788
630,0.004807287068233432,630,0.0006767132685386709,0.995,0.22414934791269756,0.4809
631,0.004806681849675276,631,0.00027177543441731747,0.998,0.228276922305425,0.4811
632,0.004806075720475655,632,0.0009227679336271692,0.996,0.23303848377295902,0.4748
633,0.004805468680873862,633,0.0010354531301085704,0.994,0.23193907723540352,0.4783
634,0.004804860731109545,634,0.0004861663259188866,0.997,0.2385151139327458,0.4687
635,0.004804251871422713,635,0.0006472815584857017,0.993,0.23407833987758273,0.4796
636,0.004803642102053736,636,0.0002476559879834808,0.999,0.24442289641925266,0.4704
637,0.004803031423243338,637,0.0005471243764207299,0.995,0.23399051725864412,0.4703
638,0.0048024198352326075,638,0.0005403501768125265,0.997,0.23449489303997584,0.4719
639,0.00480180733826299,639,0.000598291773626226,0.993,0.23434337618805112,0.4813
640,0.004801193932576288,640,0.0007886304326045016,0.995,0.23308160815920148,0.4803
641,0.004800579618414666,641,0.0008363194605668209,0.996,0.23837975646768297,0.4755
642,0.0047999643960206445,642,0.0012013969757217204,0.992,0.24143399752321698,0.4719
643,0.004799348265637104,643,0.001113123368538384,0.993,0.2535419435728164,0.4661
644,0.004798731227507283,644,0.0004745754066832541,0.997,0.24304841146582648,0.4725
645,0.0047981132818747775,645,0.0010617594428670902,0.994,0.2396223925408863,0.4765
646,0.004797494428983543,646,0.0010590496267901645,0.992,0.22406498591105142,0.4874
647,0.004796874669077894,647,0.0010526897998975723,0.996,0.22678766534441994,0.4751
648,0.004796254002402502,648,0.0007957322308183869,0.993,0.2252437969048818,0.4769
649,0.004795632429202394,649,0.0003819856806547337,0.998,0.230647949945359,0.4687
650,0.004795009949722959,650,0.0002732324979401061,1.0,0.22657714457738967,0.4759
651,0.004794386564209942,651,0.0002905613761131896,0.998,0.2207681873014995,0.4849
652,0.004793762272909446,652,0.0003891231968910212,0.998,0.21987498147147042,0.4928
653,0.004793137076067931,653,0.00015896589485193892,0.999,0.22514185593241737,0.4878
654,0.004792510973932214,654,0.00023330060329975648,0.997,0.232015722990036,0.4806
655,0.0047918839667494715,655,0.00029712343253084414,0.997,0.2317990649314154,0.4781
656,0.004791256054767235,656,0.0005717491353390782,0.996,0.22712421346278416,0.4827
657,0.004790627238233394,657,0.0003971831412768335,0.997,0.23179988137313298,0.479
658,0.004789997517396196,658,0.00019361426893738098,0.999,0.23518975632531303,0.4804
659,0.004789366892504245,659,0.00014307373627768052,0.999,0.23080022363435654,0.4851
660,0.004788735363806501,660,0.0003065532617343013,0.997,0.22781127932525816,0.4878
661,0.004788102931552283,661,0.00033563841307546855,0.999,0.23281696296873547,0.4808
662,0.004787469595991263,662,0.0003517137793962666,0.997,0.22758559726533437,0.482
663,0.004786835357373474,663,0.00045495029743982567,0.996,0.2261852658930279,0.4809
664,0.004786200215949303,664,0.00042812508833040263,0.997,0.2270029991865158,0.4829
665,0.004785564171969492,665,0.0009661272240572586,0.994,0.2313693187066487,0.4757
666,0.004784927225685143,666,0.001242771667117874,0.995,0.23690486195541563,0.4672
667,0.004784289377347711,667,0.0013348094791927863,0.99,0.24481803391660964,0.4508
668,0.004783650627209009,668,0.0014085482959801862,0.994,0.25225169772193545,0.463
669,0.004783010975521206,669,0.003142731427769398,0.981,0.23867401948996952,0.4797
670,0.004782370422536825,670,0.0018373506249017304,0.985,0.2520164210171927,0.4581
671,0.004781728968508748,671,0.0023560365107620045,0.987,0.2509919668946947,0.4396
672,0.004781086613690209,672,0.001791125834209933,0.989,0.22996718628065926,0.4678
673,0.004780443358334801,673,0.0015902455363954817,0.988,0.22611205606233506,0.4745
674,0.00477979920269647,674,0.0018451443105559086,0.987,0.22912753423055013,0.4704
675,0.004779154147029519,675,0.001993364463227668,0.989,0.23862578443118504,0.4588
676,0.004778508191588604,676,0.0017010366372276274,0.989,0.23720242083072662,0.4645
677,0.004777861336628741,677,0.001252174543749009,0.991,0.23106501343704405,0.4689
678,0.0047772135824052965,678,0.0019673662443113115,0.992,0.24160327698503223,0.4619
679,0.0047765649291739935,679,0.0016419323870823497,0.992,0.24011951230821155,0.4608
680,0.004775915377190911,680,0.0017531654531402247,0.987,0.25099966455073586,0.4703
681,0.004775264926712481,681,0.0023692252912691663,0.982,0.24107582767804464,0.4849
682,0.0047746135779954905,682,0.0010551993951334485,0.99,0.22751597393126716,0.4778
683,0.004773961331297083,683,0.0012159929195019817,0.992,0.2283080633197512,0.4668
684,0.004773308186874754,684,0.0012160108807230635,0.99,0.22230915058226813,0.4816
685,0.004772654144986355,685,0.000993019371803495,0.993,0.22238520752815974,0.4789
686,0.004771999205890092,686,0.0005426926640904553,0.995,0.2372052307639803,0.4663
687,0.004771343369844524,687,0.0007339117184442113,0.994,0.22967356698853628,0.4758
688,0.004770686637108564,688,0.0008471973969357176,0.995,0.22761512881233578,0.4752
689,0.004770029007941482,689,0.000683287076840532,0.995,0.2250257712034952,0.4789
690,0.004769370482602897,690,0.0008530656694866982,0.994,0.22379731578486306,0.4804
691,0.004768711061352786,691,0.0005668219964718446,0.995,0.23658139592125302,0.4683
692,0.004768050744451476,692,0.001730812120340055,0.993,0.23018227035091038,0.4731
693,0.004767389532159652,693,0.0021688450201292567,0.988,0.22894733463014874,0.4774
694,0.004766727424738349,694,0.0012826449944571192,0.995,0.23994350646223342,0.4629
695,0.0047660644224489564,695,0.0010412861205016573,0.992,0.23436606909547533,0.4713
696,0.0047654005255532185,696,0.0006737685325788334,0.996,0.2264266503708703,0.4773
697,0.004764735734313229,697,0.0008863099355949089,0.996,0.2274001147065844,0.4763
698,0.004764070048991438,698,0.0008686871768163872,0.993,0.22874050807385218,0.4824
699,0.004763403469850648,699,0.0007631823689388554,0.995,0.22416012641929445,0.4852
700,0.0047627359971540145,700,0.0012166726332257635,0.992,0.22558069711639767,0.4836
701,0.004762067631165043,701,0.00045637672744868764,0.998,0.22878764541376204,0.4742
702,0.004761398372147595,702,0.0006345038931439852,0.996,0.22095070651599338,0.4787
703,0.004760728220365884,703,0.0007723483462801336,0.996,0.2174109996784301,0.483
704,0.004760057176084473,704,0.000582200434846094,0.994,0.21727893068676904,0.4788
705,0.004759385239568283,705,0.0010549766908904228,0.993,0.22287788902010236,0.4767
706,0.004758712411082581,706,0.0004757341043192095,0.996,0.21721845127287365,0.484
707,0.00475803869089299,707,0.0005822461978476938,0.994,0.21179858644803365,0.4865
708,0.004757364079265485,708,0.0003853556116241851,0.997,0.2165381533758981,0.4813
709,0.004756688576466391,709,0.0009829414948832155,0.995,0.21813717087109882,0.4728
710,0.004756012182762387,710,0.000354921795189425,0.999,0.22666564072881426,0.4666
711,0.0047553348984205,711,0.0004516664665148017,0.997,0.2318765722569965,0.4664
712,0.004754656723708115,712,0.0011014052593271203,0.992,0.22267088464328222,0.4774
713,0.0047539776588929605,713,0.0005210345975467048,0.997,0.2268602158342089,0.4723
714,0.004753297704243123,714,0.0008678067069489597,0.994,0.229366263179552,0.4787
715,0.004752616860027037,715,0.000757478634893362,0.997,0.24892110909734452,0.463
716,0.0047519351265134895,716,0.0008044964384420642,0.993,0.2213286838361195,0.4755
717,0.004751252503971618,717,0.00021931498849880882,0.998,0.22276046034835634,0.4751
718,0.00475056899267091,718,0.00033628422568740676,0.998,0.22163770042714617,0.4806
719,0.004749884592881206,719,0.00018394691696379422,0.999,0.2205600759812764,0.4848
720,0.0047491993048726965,720,0.0002100360950516049,0.999,0.21637547399316515,0.4873
721,0.004748513128915922,721,0.000271198137419387,0.999,0.21476853319576808,0.4865
722,0.004747826065281774,722,0.00040813866490636776,0.998,0.2148880599510102,0.4869
723,0.004747138114241494,723,0.00024435585094449507,0.998,0.21961505711078644,0.4813
724,0.004746449276066674,724,0.0004060410546593457,0.998,0.21936449607213337,0.4831
725,0.0047457595510292565,725,0.00021090083291277378,0.999,0.2263066020749864,0.4761
726,0.004745068939401534,726,0.00041189736363040063,0.997,0.2282673180103302,0.4785
727,0.0047443774414561496,727,0.0003055174952134534,0.998,0.24407865546998522,0.4683
728,0.004743685057466095,728,0.0005955162456042931,0.997,0.22436616818110147,0.4807
729,0.004742991787704713,729,0.00036611999495930617,0.997,0.2303414427098774,0.4777
730,0.004742297632445695,730,0.0002997785098462676,0.997,0.2329381484360922,0.4714
731,0.004741602591963084,731,0.00021452634142146314,0.998,0.23742141070820036,0.462
732,0.004740906666531269,732,0.0002288937097806151,0.999,0.22454948240802403,0.4792
733,0.004740209856424991,733,0.00034902457125662336,0.997,0.2236851265033086,0.4911
734,0.00473951216191934,734,0.0003873278800754287,0.995,0.22301232105209715,0.4917
735,0.004738813583289756,735,0.00014069089900745202,0.999,0.2258332712309701,0.486
736,0.0047381141208120234,736,0.0001334292027032851,0.999,0.22935819696812404,0.4831
737,0.0047374137747622815,737,0.00023551116256775067,0.997,0.227749978076844,0.4887
738,0.004736712545417015,738,0.00014366315701322275,1.0,0.22663185028802782,0.4866
739,0.004736010433053058,739,0.00022237258798711644,0.998,0.22895858060745966,0.485
740,0.004735307437947594,740,0.0006767508691284872,0.995,0.2223230180286226,0.4905
741,0.004734603560378153,741,0.0007944949944604083,0.998,0.22322903729620433,0.483
742,0.004733898800622617,742,0.0003573327130219522,0.998,0.22877144401981717,0.4813
743,0.004733193158959212,743,0.0004971972375642508,0.998,0.24549728958379655,0.4729
744,0.004732486635666515,744,0.000603122556986775,0.995,0.24068272610505423,0.4705
745,0.0047317792310234506,745,0.001223507047100048,0.994,0.24485078397251311,0.4682
746,0.00473107094530929,746,0.00030709083131071004,0.999,0.2427043602580116,0.4783
747,0.004730361778803653,747,0.0012407757240864505,0.994,0.23700001821631478,0.488
748,0.004729651731786509,748,0.00044144327209020656,0.998,0.23083496888478597,0.4865
749,0.004728940804538171,749,0.00021827330766384313,0.997,0.23283689036255792,0.486
750,0.004728228997339303,750,0.0002567978011765739,0.999,0.23692072048073723,0.4779
751,0.004727516310470915,751,0.00048610706636238667,0.997,0.23714640807537807,0.4819
752,0.004726802744214366,752,0.0002942589375639467,0.997,0.24157719952719553,0.4754
753,0.0047260882988513575,753,0.0007085334703636667,0.996,0.24570054908593494,0.4706
754,0.0047253729746639436,754,0.0008474903869292964,0.993,0.23176224955490657,0.5002
755,0.004724656771934523,755,0.001213532585963895,0.993,0.23248961425962902,0.4903
756,0.00472393969094584,756,0.0009292709527515052,0.993,0.2467844138542811,0.4861
757,0.004723221731980988,757,0.0008247985616825255,0.996,0.256488751797449,0.4753
758,0.004722502895323405,758,0.0006648132998851084,0.997,0.2442080236616589,0.4815
759,0.004721783181256877,759,0.0006054642589809927,0.994,0.24807348648707073,0.4736
760,0.0047210625900655345,760,0.0006072846895438575,0.995,0.2562054638351713,0.4669
761,0.004720341122033857,761,0.0017361006366194314,0.992,0.2627329288494019,0.4638
762,0.004719618777446668,762,0.0007657673375520279,0.994,0.25101397988342106,0.4792
763,0.0047188955565891375,763,0.00028445364330850894,0.999,0.24870426186493466,0.4745
764,0.004718171459746782,764,0.0010150087875358405,0.996,0.24219672836008527,0.4705
765,0.004717446487205463,765,0.0007732311253979182,0.995,0.2446471197264535,0.4647
766,0.004716720639251389,766,0.0017136160070852686,0.99,0.2444092848471233,0.4712
767,0.004715993916171111,767,0.0024707669688810016,0.989,0.26219324128968374,0.4625
768,0.00471526631825153,768,0.0018233781281326497,0.989,0.2561907297088986,0.4664
769,0.00471453784577989,769,0.002905995748560166,0.983,0.25671032780692693,0.474
770,0.004713808499043779,770,0.0032191782069969036,0.981,0.2550837914148966,0.4551
771,0.004713078278331134,771,0.0032096963176237686,0.984,0.23338330870582943,0.4564
772,0.004712347183930233,772,0.0033561635562883957,0.98,0.24586807943525768,0.4454
773,0.004711615216129701,773,0.0028457730409822296,0.982,0.22786770846162524,0.462
774,0.004710882375218506,774,0.0015639726382990677,0.988,0.22303076627708618,0.4513
775,0.004710148661485963,775,0.0026338915659358635,0.984,0.225927158338683,0.4588
776,0.004709414075221731,776,0.0013652053956840454,0.986,0.2226288765668869,0.4666
777,0.004708678616715812,777,0.0010597457613108591,0.993,0.21527878400825318,0.4753
778,0.004707942286258554,778,0.0005663319018259201,0.995,0.22564805490630013,0.4691
779,0.004707205084140648,779,0.001838347544738402,0.987,0.2485633129165286,0.45
780,0.00470646701065313,780,0.0011934156819257797,0.988,0.24064011630557833,0.4531
781,0.004705728066087381,781,0.0009756689749857676,0.992,0.24189524891830627,0.4679
782,0.004704988250735123,782,0.0010451412762493071,0.992,0.23110409804752896,0.4763
783,0.004704247564888424,783,0.0013422277282058661,0.988,0.22146003118583135,0.4766
784,0.004703506008839695,784,0.0006167926213016645,0.995,0.21937831824734097,0.4633
785,0.00470276358288169,785,0.0008628595562532567,0.994,0.22612945948328292,0.4569
786,0.004702020287307507,786,0.0007730765272364286,0.994,0.22670045495033264,0.4665
787,0.0047012761224105885,787,0.000602090832433619,0.996,0.22662478046757834,0.4517
788,0.004700531088484719,788,0.0014207923058642163,0.992,0.2245819852465675,0.4623
789,0.004699785185824023,789,0.0007478548497948352,0.994,0.21829635486716314,0.469
790,0.004699038414722976,790,0.0003698927785513834,0.997,0.22269233536152613,0.4689
791,0.004698290775476388,791,0.0002344983943094987,1.0,0.22601897574606397,0.4666
792,0.004697542268379417,792,0.00013391801136701056,1.0,0.22245264379751115,0.4676
793,0.00469679289372756,793,0.00032807494339760437,0.998,0.22224276803788684,0.4716
794,0.004696042651816659,794,0.00027689484323629933,0.997,0.2218481455530439,0.4716
795,0.004695291542942898,795,0.0001541549442793309,0.999,0.22712409042176745,0.4717
796,0.004694539567402803,796,0.0004527754856445383,0.997,0.2225884748356683,0.4813
797,0.00469378672549324,797,0.00008426988201141025,1.0,0.22340277234713238,0.4804
798,0.004693033017511422,798,0.0004813157869475184,0.997,0.22339885107108526,0.4838
799,0.004692278443754899,799,0.0006718669826243838,0.996,0.22253248663175673,0.4804
800,0.004691523004521567,800,0.00037424584089811627,0.998,0.22311251248632158,0.4834
801,0.004690766700109658,801,0.00021986465296885442,0.999,0.21897015770276387,0.4794
802,0.004690009530817751,802,0.0007677927709924656,0.995,0.2322478099947884,0.4842
803,0.004689251496944765,803,0.00024614680296508595,0.998,0.23107991984912327,0.4938
804,0.004688492598789958,804,0.00047169737808872014,0.996,0.2304309240409306,0.4833
805,0.004687732836652933,805,0.0004284771067822086,0.997,0.23426693181196848,0.478
806,0.00468697221083363,806,0.00046884755006647625,0.997,0.23254068422885169,0.4763
807,0.004686210721632333,807,0.0010429944249197086,0.993,0.23094243549165272,0.477
808,0.004685448369349667,808,0.0006861061395154268,0.994,0.23254495759805044,0.4838
809,0.004684685154286597,809,0.000683161296321833,0.998,0.23752942553588322,0.4713
810,0.004683921076744425,810,0.0005369336216799205,0.995,0.22756700231915428,0.479
811,0.004683156137024799,811,0.0007727965463085898,0.994,0.2204580369449797,0.4793
812,0.004682390335429704,812,0.0006943000355801944,0.997,0.22196497874600546,0.474
813,0.004681623672261467,813,0.0002045747465412465,0.999,0.22263160986559732,0.4753
814,0.0046808561478227555,814,0.0001995483696754534,0.999,0.22213891233716693,0.4797
815,0.004680087762416575,815,0.00022320549084854844,0.997,0.219992143483389,0.482
816,0.004679318516346271,816,0.00012634499459333406,1.0,0.21624721544129508,0.4886
817,0.004678548409915531,817,0.000201548601017705,0.999,0.2162749984434673,0.4902
818,0.00467777744342838,818,0.00017016036075628583,0.999,0.21861262151173183,0.491
819,0.004677005617189184,819,0.00011198295448723781,1.0,0.21747198133241563,0.493
820,0.004676232931502647,820,0.000194779371191717,0.998,0.21774497670786722,0.4919
821,0.004675459386673814,821,0.00019965345000812142,0.998,0.22401016226836612,0.48
822,0.0046746849830080674,822,0.0006302043548203073,0.997,0.22937723440783364,0.4734
823,0.00467390972081113,823,0.0005559110476107369,0.998,0.25092112663246335,0.4589
824,0.004673133600389063,824,0.0013181656520048688,0.99,0.23776816782497223,0.4782
825,0.004672356622048266,825,0.0011888686158705415,0.993,0.2514585829916455,0.4439
826,0.004671578786095479,826,0.0024153493910229634,0.985,0.23219816670531318,0.4806
827,0.0046708000928377775,827,0.0021751624035892918,0.988,0.23529850911526454,0.4776
828,0.004670020542582578,828,0.0015053656541221287,0.994,0.2398810068766276,0.4714
829,0.004669240135637635,829,0.0012075762573485484,0.994,0.2381033887465795,0.4582
830,0.004668458872311041,830,0.0013406539496610918,0.989,0.23153719831080663,0.4656
831,0.0046676767529112255,831,0.0006510842732885587,0.996,0.22430705016567593,0.4694
832,0.004666893777746957,832,0.001361291951893474,0.992,0.24495357970396678,0.4576
833,0.004666109947127343,833,0.0012096575422522922,0.991,0.24728783652895972,0.4674
834,0.004665325261361825,834,0.0008726833510168252,0.996,0.2406729702438627,0.4687
835,0.004664539720760187,835,0.0008155453005678109,0.995,0.22195860871246884,0.4844
836,0.0046637533256325475,836,0.0003481549945371669,0.998,0.21735642623333704,0.4856
837,0.004662966076289361,837,0.0007972346707642178,0.996,0.21707398806299483,0.4851
838,0.0046621779730414235,838,0.0013456806662448105,0.992,0.21436185098829724,0.4842
839,0.004661389016199864,839,0.0005261186147219546,0.996,0.21380704229786282,0.48
840,0.004660599206076151,840,0.0006077014799562416,0.995,0.21837487547170548,0.478
841,0.004659808542982088,841,0.0006403793997292052,0.995,0.22024307889597758,0.4783
842,0.004659017027229818,842,0.00077312953068204,0.995,0.22739362447034744,0.4832
843,0.004658224659131817,843,0.0007552292795264206,0.997,0.22574517074085418,0.4846
844,0.0046574314390009,844,0.0007169088577419254,0.996,0.2223517107112067,0.4889
845,0.004656637367150218,845,0.0006723683265071097,0.993,0.23150583292756763,0.4767
846,0.004655842443893259,846,0.00046069347029385554,0.996,0.2324991258836928,0.4765
847,0.004655046669543844,847,0.00030390038037218065,0.998,0.23536918177491142,0.4787
848,0.004654250044416134,848,0.00021922909529946213,0.998,0.23994890976519812,0.4747
849,0.0046534525688246235,849,0.0005225674533340637,0.995,0.24635576066516696,0.465
850,0.004652654243084142,850,0.0008275035021749014,0.995,0.23803021709124247,0.4836
851,0.004651855067509858,851,0.000966180923915956,0.993,0.2634733779089791,0.462
852,0.004651055042417271,852,0.0006388707170983599,0.995,0.2519456605116526,0.465
853,0.0046502541681222205,853,0.0007793943333949539,0.995,0.23111841224488758,0.4824
854,0.004649452444940878,854,0.0005777155263439497,0.996,0.22389271301882607,0.4871
855,0.00464864987318975,855,0.00012961468439156998,0.999,0.2207117131778172,0.4855
856,0.004647846453185681,856,0.00019989729480585083,0.999,0.22015148528984615,0.4847
857,0.004647042185245847,857,0.0007599742466048891,0.995,0.22276214134125483,0.4857
858,0.004646237069687761,858,0.00022123588756325522,0.998,0.23424311124143146,0.4858
859,0.00464543110682927,859,0.0004551572585894194,0.995,0.24729466310569218,0.4608
860,0.004644624296988554,860,0.0010296499995525838,0.992,0.2331677618480864,0.4857
861,0.00464381664048413,861,0.0005458854575408623,0.994,0.27446591712179635,0.4682
862,0.0046430081376348485,862,0.0010608160325015585,0.995,0.2328996119045076,0.4757
863,0.004642198788759893,863,0.0006591034110724216,0.994,0.22232666640054613,0.481
864,0.004641388594178781,864,0.0009856097784081829,0.994,0.23595513900121054,0.4761
865,0.004640577554211365,865,0.000527381743484598,0.996,0.24852176152524494,0.4701
866,0.004639765669177832,866,0.0009455703756040228,0.998,0.23747635767573402,0.4766
867,0.0046389529393986995,867,0.0009425678214202413,0.996,0.22517014968962895,0.4767
868,0.004638139365194821,868,0.001043801039313188,0.994,0.23102232870601472,0.4701
869,0.0046373249468873836,869,0.0009398782131029293,0.995,0.23388926542940594,0.4786
870,0.004636509684797905,870,0.0009833839268096546,0.995,0.26132201580774217,0.4623
871,0.0046356935792482385,871,0.0005420200066596625,0.996,0.23510413141477676,0.4785
872,0.00463487663056057,872,0.0005436595612471658,0.997,0.22943026735669092,0.4853
873,0.004634058839057418,873,0.0006864041494000482,0.996,0.23263106175831386,0.4774
874,0.004633240205061633,874,0.0006073031219698134,0.995,0.232722061304819,0.4839
875,0.004632420728896399,875,0.00025931231080210724,0.998,0.24476431253410522,0.4705
876,0.004631600410885232,876,0.0005805363289255183,0.997,0.2322964418502081,0.4776
877,0.004630779251351981,877,0.0002983909265215819,0.999,0.23033504315785,0.4776
878,0.004629957250620827,878,0.0002494727758901371,0.999,0.23010613790580203,0.4747
879,0.004629134409016282,879,0.0003844504168401251,0.998,0.2284450924112683,0.4793
880,0.004628310726863191,880,0.0002722741510730148,0.999,0.23189278344313305,0.4815
881,0.0046274862044867315,881,0.00010848203999644501,0.999,0.2330480095886049,0.487
882,0.004626660842212411,882,0.00048285943349973034,0.997,0.23877284427483877,0.4795
883,0.004625834640366071,883,0.00027174746875451613,0.998,0.23479804864951542,0.4857
884,0.00462500759927388,884,0.0001348888358084618,0.999,0.22883761936709995,0.4894
885,0.004624179719262343,885,0.0007679205144605865,0.996,0.22386889117104666,0.4881
886,0.004623351000658293,886,0.0004359604572528042,0.996,0.2374213661466326,0.4661
887,0.004622521443788896,887,0.0008616319121626605,0.996,0.23810437605494544,0.4735
888,0.0046216910489816476,888,0.00046778810731969617,0.994,0.24110165877001627,0.4843
889,0.004620859816564373,889,0.0011969651494880616,0.989,0.23627104915323713,0.4767
890,0.004620027746865232,890,0.001137904720962979,0.993,0.2567041990302858,0.4416
891,0.00461919484021271,891,0.0014186104443589492,0.992,0.24762924852825347,0.4723
892,0.004618361096935628,892,0.0007506997346700657,0.995,0.2607771112805321,0.4687
893,0.004617526517363132,893,0.001425971014084228,0.991,0.268190047002974,0.4617
894,0.004616691101824702,894,0.00047219135809601064,0.997,0.25392188940729415,0.4743
895,0.004615854850650148,895,0.0014186290985283752,0.992,0.23619918000130427,0.4761
896,0.004615017764169608,896,0.0008223289166510637,0.994,0.2362710021791004,0.4777
897,0.0046141798427135495,897,0.0006380682517330916,0.997,0.2374385247627894,0.4756
898,0.004613341086612771,898,0.0011912962959502778,0.989,0.24145346993491762,0.4776
899,0.0046125014961984,899,0.0016173530048468993,0.993,0.24063030254273188,0.47
900,0.004611661071801895,900,0.0012392297884660018,0.993,0.22968041258198874,0.474
901,0.004610819813755039,901,0.000755762304747588,0.995,0.22138903680301847,0.4782
902,0.004609977722389951,902,0.000632382357989194,0.995,0.22814330955346426,0.4722
903,0.004609134798039074,903,0.000680824070947156,0.995,0.2351488363175165,0.4756
904,0.004608291041035181,904,0.00034959451226140593,0.998,0.24536032861187346,0.4685
905,0.0046074464517113735,905,0.0005872335120026643,0.997,0.23772959169887362,0.48
906,0.004606601030401082,906,0.0008484257171706607,0.991,0.2430496041263853,0.4785
907,0.004605754777438066,907,0.0005715377337764949,0.995,0.24065737298556736,0.4759
908,0.0046049076931564134,908,0.0006523121980232341,0.994,0.23412610107944126,0.487
909,0.004604059777890539,909,0.00037795929044174653,0.997,0.22988540246373132,0.4772
910,0.004603211031975185,910,0.0009408586567068207,0.992,0.22283993221464612,0.4768
911,0.004602361455745425,911,0.00042177531040146104,0.996,0.2384942909081777,0.465
912,0.004601511049536657,912,0.0010862488540754253,0.996,0.23376003560565767,0.4704
913,0.0046006598136846075,913,0.0007297694939465838,0.996,0.2343253594069254,0.4752
914,0.004599807748525332,914,0.0016150831000968104,0.99,0.22952165745553516,0.4784
915,0.004598954854395212,915,0.0005525759909124602,0.996,0.2349466384876342,0.4723
916,0.004598101131630956,916,0.0009698633421933101,0.993,0.23046160496416546,0.4783
917,0.004597246580569602,917,0.0008254952470971537,0.994,0.22327247716131665,0.4768
918,0.004596391201548511,918,0.0007576677003054924,0.992,0.2375716066076642,0.4686
919,0.004595534994905374,919,0.0007654518994968385,0.996,0.23804601416701363,0.4727
920,0.004594677960978209,920,0.00033637495202821724,0.998,0.23315561740171342,0.477
921,0.004593820100105357,921,0.0004985171870516968,0.996,0.23783756849311646,0.4772
922,0.00459296141262549,922,0.000632412829353208,0.996,0.2396883887904031,0.4772
923,0.004592101898877603,923,0.00046439552430196533,0.998,0.2456748997881299,0.4753
924,0.004591241559201019,924,0.00014124031787061887,0.999,0.25070425130072094,0.4671
925,0.004590380393935386,925,0.00016206970654561052,0.999,0.2489205252556574,0.4684
926,0.00458951840342068,926,0.0006244171056009474,0.995,0.23023004205453965,0.481
927,0.004588655587997198,927,0.00046387983669167926,0.998,0.23195973535378775,0.4821
928,0.004587791948005569,928,0.00025324130443290675,0.998,0.24361179357483273,0.4732
929,0.004586927483786743,929,0.0003342645721291081,0.997,0.24638317638919466,0.4716
930,0.004586062195681997,930,0.0002920646823310692,0.998,0.23483254682450067,0.4771
931,0.004585196084032932,931,0.00022088910372985993,0.998,0.24213899955863044,0.4802
932,0.004584329149181477,932,0.00011525887861179875,0.999,0.2343646820102419,0.483
933,0.004583461391469882,933,0.0008817612659705836,0.996,0.23283004803316934,0.4813
934,0.004582592811240727,934,0.00007696506846904023,1.0,0.24311390817165374,0.4745
935,0.004581723408836912,935,0.0005732918537736017,0.996,0.2391939674104963,0.4742
936,0.004580853184601662,936,0.0007584324599260331,0.997,0.22966393445219313,0.4828
937,0.00457998213887853,937,0.00016783963552110696,0.997,0.23802564158326103,0.4782
938,0.00457911027201139,938,0.00021065295195079497,0.999,0.23919738360813686,0.4834
939,0.0045782375843444415,939,0.0002445710223193081,0.998,0.24307355625288826,0.482
940,0.004577364076222208,940,0.00026171148463271534,0.998,0.24630004153365181,0.4681
941,0.004576489747989535,941,0.0002112926437500088,0.999,0.2511735672042483,0.4726
942,0.004575614599991596,942,0.00037134417037859314,0.997,0.24705778431324732,0.4895
943,0.004574738632573885,943,0.0002796382279831007,0.997,0.23527284080073946,0.4905
944,0.004573861846082218,944,0.00034265801063849635,0.998,0.23188514283725192,0.485
945,0.004572984240862738,945,0.00029624360112869735,0.998,0.23608859096254622,0.485
946,0.00457210581726191,946,0.0005541219382264119,0.998,0.2304196032739821,0.4908
947,0.004571226575626521,947,0.000178371853984399,1.0,0.22650904258092244,0.4918
948,0.004570346516303681,948,0.0005085932017166106,0.997,0.2318404854763122,0.4895
949,0.004569465639640824,949,0.00032180793979413077,0.999,0.2442680209875107,0.4802
950,0.004568583945985708,950,0.0008526645125086707,0.996,0.23002949399607522,0.4798
951,0.004567701435686409,951,0.000657782397216319,0.995,0.23249537817069463,0.4719
952,0.00456681810909133,952,0.0007414500834697503,0.995,0.23440730358873094,0.4771
953,0.004565933966549193,953,0.0015301799673276644,0.994,0.23824032161917005,0.4789
954,0.004565049008409045,954,0.00026230299720607163,0.998,0.23376371746971494,0.4787
955,0.004564163235020252,955,0.0011748608549602242,0.995,0.22634838365373158,0.485
956,0.004563276646732504,956,0.0007483689566600203,0.996,0.23063381612300873,0.4778
957,0.004562389243895812,957,0.0004130277073792448,0.998,0.23007708972408658,0.4812
958,0.0045615010268605085,958,0.00015406498711118254,1.0,0.22549732341652826,0.4847
959,0.004560611995977248,959,0.00018318763484005882,0.999,0.2231534895442781,0.4812
960,0.004559722151597004,960,0.00029084213002490635,0.997,0.22144013884521666,0.4849
961,0.004558831494071074,961,0.00011032162330506945,1.0,0.22435478639034998,0.4826
962,0.0045579400237510765,962,0.00007136348756917176,1.0,0.22358584347225371,0.4827
963,0.00455704774098895,963,0.00006135769390745,1.0,0.22340373538789296,0.4854
964,0.004556154646136951,964,0.00011571856980264697,0.999,0.22255586144470033,0.4881
965,0.004555260739547662,965,0.00022205889053154913,0.997,0.22514668234757015,0.4904
966,0.004554366021573981,966,0.00006823962684436646,0.999,0.2289992868900299,0.4869
967,0.004553470492569131,967,0.00017998646572301542,0.998,0.237433041986965,0.4793
968,0.004552574152886651,968,0.0009231888146868663,0.996,0.2468269142366591,0.4735
969,0.0045516770028804,969,0.0002541673897039367,0.999,0.24507326923665546,0.4785
970,0.004550779042904562,970,0.0007720229533290313,0.999,0.2421901008912495,0.4849
971,0.0045498802733136366,971,0.00026225329687198,0.997,0.244351213318961,0.4826
972,0.004548980694462443,972,0.0005835148182259651,0.996,0.24286821881930035,0.479
973,0.00454808030670612,973,0.00009593043008256548,1.0,0.24617726291928974,0.4681
974,0.0045471791104001276,974,0.00020238841603887047,0.999,0.2423281927903493,0.4773
975,0.004546277105900243,975,0.00026848007040652667,0.998,0.2415497287398293,0.4865
976,0.0045453742935625645,976,0.0005236479772152268,0.997,0.23747828730515072,0.4876
977,0.004544470673743507,977,0.0005249129182110275,0.998,0.24735720853010815,0.4662
978,0.004543566246799805,978,0.000853829043903499,0.994,0.2440066722177324,0.4808
979,0.004542661013088514,979,0.0007965713528045896,0.994,0.23563970909232185,0.4915
980,0.004541754972967004,980,0.0006098422295291952,0.996,0.23720010291962396,0.4917
981,0.004540848126792966,981,0.00020339940764253179,0.999,0.24544955889383951,0.4791
982,0.004539940474924408,982,0.0005429714240433116,0.999,0.2359584513164702,0.4839
983,0.004539032017719657,983,0.0005557461887032592,0.995,0.23471295876162393,0.4839
984,0.004538122755537357,984,0.0005300297721294642,0.997,0.2609281920251392,0.4534
985,0.004537212688736471,985,0.0012312421805247488,0.993,0.24200155422801062,0.4803
986,0.0045363018176762795,986,0.0006097364547756678,0.994,0.24660433757872807,0.4834
987,0.004535390142716378,987,0.0006379897808766968,0.996,0.24890618593919844,0.4845
988,0.004534477664216683,988,0.0009245464072072147,0.996,0.2484360130060287,0.4827
989,0.0045335643825374266,989,0.0008477888342375601,0.992,0.24989585393951053,0.477
990,0.004532650298039158,990,0.0004710618100251027,0.997,0.24298213195233118,0.4867
991,0.004531735411082741,991,0.0008722834699299364,0.994,0.2422934530746369,0.4931
992,0.004530819722029361,992,0.0003571254973870791,0.999,0.239516894590287,0.4912
993,0.004529903231240517,993,0.00040730088698009715,0.998,0.238728571221942,0.4923
994,0.004528985939078024,994,0.00027115791549260306,0.998,0.24496464062304724,0.4886
995,0.0045280678459040154,995,0.00022385464381797994,0.999,0.2466131119501023,0.4867
996,0.00452714895208094,996,0.00014682469883978011,1.0,0.24679636302448454,0.4833
997,0.004526229257971562,997,0.0005058392250378217,0.997,0.23836710708481926,0.4867
998,0.004525308763938962,998,0.00021191986542405737,1.0,0.2503729630084265,0.4802
999,0.004524387470346536,999,0.00031534477455438933,0.998,0.24537400461378553,0.4846
1000,0.004523465377557999,1000,0.00036740721926824857,0.996,0.2474643282947086,0.4808
1001,0.004522542485937375,1001,0.00026239688148572374,0.998,0.24595410994121006,0.4802
1002,0.004521618795849008,1002,0.00030758978859271986,0.997,0.24544844797679355,0.4834
1003,0.004520694307657557,1003,0.000320607533683956,0.998,0.24819391085988,0.4801
1004,0.004519769021727995,1004,0.0005571614426679887,0.996,0.249227232166699,0.4658
1005,0.004518842938425611,1005,0.0008728377918790405,0.995,0.2761794217995235,0.464
1006,0.004517916058116006,1006,0.002285275102795346,0.992,0.2550581144435065,0.4785
1007,0.004516988381165101,1007,0.001863828025913487,0.987,0.2535846471786499,0.4781
1008,0.004516059907939124,1008,0.000644137973376062,0.993,0.26464028897739594,0.4695
1009,0.004515130638804624,1009,0.0013566895449046222,0.988,0.2739986879484994,0.459
1010,0.004514200574128461,1010,0.00039824465126176144,0.998,0.2733729559750784,0.4548
1011,0.004513269714277811,1011,0.0009646602321438314,0.992,0.2595910140446254,0.4733
1012,0.0045123380596201615,1012,0.0018721825229780127,0.991,0.25810566459383283,0.4748
1013,0.004511405610523315,1013,0.0004599364796636759,0.995,0.2503432964994794,0.481
1014,0.004510472367355388,1014,0.0008003992296012473,0.993,0.25140003661314647,0.4808
1015,0.00450953833048481,1015,0.001086775109537744,0.993,0.24241631229718527,0.4794
1016,0.004508603500280325,1016,0.0008133218431058118,0.994,0.23416015818005517,0.4732
1017,0.004507667877110988,1017,0.0008223278228321025,0.996,0.2465983752693449,0.4689
1018,0.004506731461346168,1018,0.0007618614250705356,0.995,0.24973117184071314,0.4752
1019,0.004505794253355548,1019,0.0006523083152604245,0.998,0.2606904651437487,0.4706
1020,0.0045048562535091215,1020,0.0021402638577412638,0.993,0.24373848750477745,0.4757
1021,0.004503917462177197,1021,0.001088041579004355,0.993,0.2277054596514929,0.4811
1022,0.004502977879730395,1022,0.0015900167168833182,0.99,0.23483074534507026,0.4754
1023,0.004502037506539647,1023,0.0005954536041133993,0.995,0.23140235685166857,0.4843
1024,0.004501096342976198,1024,0.0006373441636761916,0.997,0.25069616209893,0.4671
1025,0.004500154389411604,1025,0.0004274424462069181,0.997,0.23673667269093648,0.4735
1026,0.004499211646217733,1026,0.00048319658214625506,0.996,0.230194795415515,0.4816
1027,0.004498268113766766,1027,0.0002127429900047857,0.998,0.23058194787729355,0.4806
1028,0.004497323792431194,1028,0.0004441361594390834,0.996,0.23961272495133537,0.4719
1029,0.00449637868258382,1029,0.0003769640700608891,0.996,0.25261838521276203,0.4609
1030,0.004495432784597758,1030,0.000967204569384367,0.994,0.24208970949763342,0.4711
1031,0.004494486098846435,1031,0.00046041899302162205,0.997,0.24748756771995908,0.4683
1032,0.004493538625703587,1032,0.0016510826840420208,0.99,0.2498690230505807,0.4748
1033,0.004492590365543261,1033,0.001558589649253658,0.991,0.2546978099005563,0.472
1034,0.004491641318739815,1034,0.0038347672948258974,0.986,0.24881754148574103,0.4632
1035,0.004490691485667918,1035,0.0022057102774159006,0.991,0.23536035191445123,0.478
1036,0.004489740866702548,1036,0.0015979804302332923,0.989,0.23204859906718844,0.4858
1037,0.004488789462218996,1037,0.0018991879603293324,0.988,0.23743993171623776,0.4578
1038,0.00448783727259286,1038,0.0008705199690580013,0.995,0.23216319978237152,0.4766
1039,0.004486884298200051,1039,0.0009745990128500299,0.991,0.2385210734038126,0.4856
1040,0.004485930539416786,1040,0.0011643511645074579,0.992,0.23481651161398207,0.4759
1041,0.004484975996619596,1041,0.0013160246751448583,0.992,0.24168952604134877,0.4594
1042,0.004484020670185319,1042,0.001356542011351502,0.994,0.2308899842557453,0.4705
1043,0.004483064560491102,1043,0.0007477082517219796,0.995,0.22594472325983503,0.4676
1044,0.004482107667914402,1044,0.0009216065553205443,0.996,0.23070225829169863,0.4714
1045,0.0044811499928329845,1045,0.0009547559339331375,0.996,0.22801602198964074,0.4752
1046,0.004480191535624925,1046,0.0011032743350369856,0.994,0.22043845085870653,0.4804
1047,0.004479232296668608,1047,0.0006299755547106976,0.994,0.22098393780844552,0.482
1048,0.004478272276342726,1048,0.00047647135423695933,0.997,0.22696397730282375,0.4831
1049,0.004477311475026278,1049,0.0002855365720669007,0.998,0.21906551945777167,0.4837
1050,0.004476349893098575,1050,0.000391368865079823,0.997,0.2197060065610068,0.4751
1051,0.004475387530939233,1051,0.00013597846485763077,0.999,0.22054973613648188,0.4767
1052,0.004474424388928178,1052,0.00009211141808745673,0.999,0.21871847836744218,0.4812
1053,0.004473460467445644,1053,0.00011999148583050729,0.999,0.21771167857306345,0.4878
1054,0.004472495766872171,1054,0.00019259655857153813,0.998,0.21537740088644483,0.492
1055,0.004471530287588606,1055,0.00006355229249623205,1.0,0.22810398453757877,0.4859
1056,0.004470564029976107,1056,0.00022104136552938836,0.998,0.22424155757540748,0.4819
1057,0.004469596994416137,1057,0.00023610034605510356,0.998,0.21968207501229786,0.4841
1058,0.004468629181290466,1058,0.00015570519445602606,0.999,0.2207328144993101,0.4872
1059,0.004467660590981172,1059,0.00013752724875562957,0.998,0.2201815874803634,0.4935
1060,0.004466691223870637,1060,0.00026723333125812046,0.997,0.21851160043761844,0.497
1061,0.004465721080341554,1061,0.0003233255625846574,0.998,0.2183729635817664,0.4941
1062,0.0044647501607769195,1062,0.00034008849304102896,0.999,0.21769900435493106,0.492
1063,0.004463778465560037,1063,0.0004566024532929684,0.997,0.2197668011699404,0.4907
1064,0.004462805995074518,1064,0.00022426591524327662,0.998,0.21914922793706257,0.4869
1065,0.004461832749704275,1065,0.00027469429811130146,0.999,0.21686179254736218,0.4953
1066,0.004460858729833532,1066,0.00009979126904606044,1.0,0.21868271075543902,0.504
1067,0.004459883935846817,1067,0.0003826660391669499,0.999,0.2207090294077283,0.5004
1068,0.004458908368128962,1068,0.00021443828509724145,0.998,0.2217846052987235,0.4925
1069,0.004457932027065108,1069,0.00015875427579019395,0.998,0.2232227976833071,0.5011
1070,0.004456954913040696,1070,0.00018069918743484386,0.999,0.22299779469058628,0.5002
1071,0.0044559770264414765,1071,0.00029229556630958715,0.997,0.2205093827985582,0.4949
1072,0.004454998367653504,1072,0.00004000594314372089,1.0,0.2266017986195428,0.4869
1073,0.004454018937063138,1073,0.00018140805228280703,0.999,0.22230440392380668,0.4905
1074,0.00445303873505704,1074,0.0002400062651629144,0.997,0.22354440206573123,0.497
1075,0.00445205776202218,1075,0.00035413780477981725,0.997,0.2293411726043338,0.4935
1076,0.004451076018345831,1076,0.00023041263561719374,0.997,0.22318598202296666,0.4961
1077,0.004450093504415569,1077,0.0009066960378082253,0.994,0.22941160812264397,0.4928
1078,0.004449110220619274,1078,0.0007450501303710986,0.996,0.24086020929472787,0.4848
1079,0.004448126167345133,1079,0.0012055305899896969,0.994,0.23831032117207845,0.4785
1080,0.004447141344981633,1080,0.0005333872568804683,0.995,0.23108984529972076,0.4726
1081,0.004446155753917567,1081,0.0007453031222602087,0.994,0.22279858830429258,0.4856
1082,0.004445169394542029,1082,0.0009005822475522845,0.994,0.22474492064544133,0.4908
1083,0.004444182267244421,1083,0.0011617786388212284,0.992,0.2310287042742684,0.477
1084,0.004443194372414443,1084,0.0006940949658331062,0.992,0.23245932601747057,0.4853
1085,0.004442205710442101,1085,0.0004329525413812094,0.999,0.2289115392026447,0.4886
1086,0.004441216281717703,1086,0.0005815330556028389,0.996,0.22517740343298231,0.4827
1087,0.004440226086631861,1087,0.0005246947818834867,0.997,0.2423329140458788,0.4611
1088,0.004439235125575486,1088,0.0004373392409997039,0.996,0.24178262125878108,0.4698
1089,0.004438243398939796,1089,0.0005171590320449988,0.997,0.23255504142670405,0.4837
1090,0.004437250907116308,1090,0.0001707154187897686,1.0,0.2273147138811293,0.492
1091,0.00443625765049684,1091,0.0002831066508189819,0.999,0.22590827544530231,0.4906
1092,0.0044352636294735185,1092,0.000426609336933498,0.996,0.22428254910877773,0.4947
1093,0.004434268844438763,1093,0.000049864352192907104,1.0,0.23047383583727338,0.4947
1094,0.004433273295785301,1094,0.0003182446782288718,0.998,0.23101262265727635,0.4977
1095,0.00443227698390616,1095,0.00018301448419931279,0.999,0.2305607618320556,0.4993
1096,0.004431279909194666,1096,0.0002899402007599184,0.998,0.23278179438341232,0.4936
1097,0.004430282072044451,1097,0.00008466889873185816,1.0,0.23778829858416603,0.4885
1098,0.004429283472849443,1098,0.0005692949780495837,0.997,0.23512665175256275,0.4816
1099,0.004428284112003873,1099,0.00021464151480662016,0.999,0.23266413396313076,0.484
1100,0.0044272839899022745,1100,0.00013071968940147642,0.998,0.2259024285134815,0.4922
1101,0.004426283106939479,1101,0.00008927713566836679,0.999,0.22449967705068133,0.5001
1102,0.0044252814635106184,1102,0.00031620569349061477,0.997,0.2241621025971004,0.5025
1103,0.004424279060011129,1103,0.00006441805687375433,1.0,0.2189736211583728,0.4997
1104,0.0044232758968367385,1104,0.00023062205183946172,0.998,0.2215761953876132,0.5026
1105,0.004422271974383484,1105,0.00005682930870014908,1.0,0.23050407455081032,0.4908
1106,0.004421267293047697,1106,0.00025414276266625774,0.998,0.22661589880784352,0.4976
1107,0.00442026185322601,1107,0.00016811909266661607,0.999,0.22503268789677394,0.4972
1108,0.0044192556553153545,1108,0.00006980188707183559,0.999,0.23265270945571717,0.4898
1109,0.004418248699712961,1109,0.0005278417095160833,0.997,0.2353034828390394,0.4865
1110,0.00441724098681636,1110,0.0001459755967516685,0.999,0.22991286771638053,0.4917
1111,0.00441623251702338,1111,0.0003298065132098383,0.998,0.23397876066820963,0.4931
1112,0.00441522329073215,1112,0.00008066839477361922,1.0,0.23629714094457172,0.4933
1113,0.004414213308341098,1113,0.00010967533264539227,1.0,0.23221173825718108,0.4944
1114,0.004413202570248944,1114,0.00019622662685356946,0.998,0.22539947543825423,0.4998
1115,0.004412191076854716,1115,0.0001556273380715755,0.998,0.22337163076514288,0.5072
1116,0.0044111788285577345,1116,0.0002974028784809066,0.998,0.23330584778672173,0.4948
1117,0.004410165825757618,1117,0.00038658002960714625,0.997,0.23647616633347102,0.4873
1118,0.0044091520688542855,1118,0.0002881055647559974,0.998,0.24382286809739612,0.4876
1119,0.004408137558247951,1119,0.00017380260587309575,0.999,0.23293232449463436,0.4921
1120,0.004407122294339127,1120,0.00028851542862996994,0.996,0.23883714392071678,0.4848
1121,0.004406106277528625,1121,0.00036999788460975866,0.997,0.2444574685323806,0.4872
1122,0.004405089508217551,1122,0.0004957391767155579,0.998,0.2452016498361315,0.4867
1123,0.004404071986807311,1123,0.0004846176818232163,0.997,0.24729064660412925,0.4843
1124,0.004403053713699604,1124,0.0003651228824829949,0.999,0.23442074344271704,0.4946
1125,0.004402034689296431,1125,0.0002868106166282641,0.999,0.2290025036959421,0.4988
1126,0.004401014914000084,1126,0.0005764543879888065,0.998,0.238318085812387,0.4907
1127,0.004399994388213155,1127,0.000771571085178515,0.996,0.24094532188915072,0.4877
1128,0.004398973112338532,1128,0.0001552740875576135,0.999,0.23894772941157932,0.4962
1129,0.004397951086779398,1129,0.0006199272001616745,0.995,0.22416717835835048,0.4939
1130,0.004396928311939233,1130,0.0006331293058489488,0.996,0.2368742346763611,0.479
1131,0.0043959047882218116,1131,0.0008670980439222019,0.996,0.2505730424608503,0.4804
1132,0.004394880516031205,1132,0.00034170424831765037,0.998,0.2695330693608239,0.4681
1133,0.00439385549577178,1133,0.000662194453720336,0.994,0.2540343649330593,0.4809
1134,0.004392829727848198,1134,0.00016673578855781152,1.0,0.2414697154646828,0.4948
1135,0.004391803212665416,1135,0.00012187823951881867,1.0,0.2379684050877889,0.4955
1136,0.004390775950628687,1136,0.0002485957212186241,0.998,0.2520716782127108,0.4798
1137,0.004389747942143556,1137,0.001087229093865885,0.994,0.2600446698211488,0.4695
1138,0.004388719187615866,1138,0.0002087461735278512,0.998,0.2466645128670193,0.4831
1139,0.004387689687451751,1139,0.00006749231535996798,1.0,0.24365558510734922,0.4837
1140,0.004386659442057644,1140,0.0002564570793419123,0.996,0.23908675426528567,0.489
1141,0.004385628451840267,1141,0.000323780145187075,0.999,0.24915402957371302,0.4835
1142,0.004384596717206641,1142,0.0002152488592574151,0.998,0.2469894901627586,0.4838
1143,0.004383564238564077,1143,0.0004856210750100824,0.995,0.2506315386011487,0.4828
1144,0.004382531016320181,1144,0.00021202247288394055,0.998,0.26158145041692826,0.4708
1145,0.004381497050882853,1145,0.0006377167834822709,0.994,0.2552796263070334,0.4884
1146,0.004380462342660287,1146,0.0006040489970473573,0.995,0.28544563395636424,0.4652
1147,0.004379426892060969,1147,0.0008693335160690671,0.994,0.2677495993319012,0.4694
1148,0.0043783906994936785,1148,0.0003592381444399334,0.997,0.2655803207840238,0.4704
1149,0.004377353765367488,1149,0.0001672593478447414,1.0,0.25358605271294005,0.4766
1150,0.004376316090091761,1150,0.00029431523987676924,0.998,0.2594361975079491,0.4806
1151,0.004375277674076158,1151,0.0003092561960546023,0.996,0.2707737204574403,0.4752
1152,0.004374238517730628,1152,0.00022837137809498623,0.999,0.26769191395668757,0.477
1153,0.004373198621465414,1153,0.0003551133902094859,0.995,0.2640427456015632,0.4804
1154,0.0043721579856910485,1154,0.00034322850877374763,0.998,0.26829637601262046,0.4715
1155,0.00437111661081836,1155,0.0004615696494251357,0.998,0.26533726567313787,0.4732
1156,0.004370074497258466,1156,0.0010312169254445638,0.995,0.250599787064961,0.4804
1157,0.0043690316454227775,1157,0.001317918990631976,0.993,0.2646047688665844,0.4703
1158,0.0043679880557229945,1158,0.0007872751406726561,0.994,0.2714634304954892,0.4603
1159,0.00436694372857111,1159,0.0007690988963336817,0.994,0.2775868515173594,0.4617
1160,0.00436589866437941,1160,0.001473281964925783,0.991,0.2669622398558117,0.4779
1161,0.004364852863560466,1161,0.0008002102632807302,0.993,0.2545342763264974,0.4816
1162,0.004363806326527144,1162,0.00091539931426745,0.995,0.25775558068638754,0.4733
1163,0.004362759053692603,1163,0.001383051134845508,0.993,0.2707022700990949,0.4805
1164,0.004361711045470287,1164,0.0008766056957288779,0.995,0.2782534610657465,0.4728
1165,0.004360662302273935,1165,0.000527945102346296,0.997,0.24605744452703568,0.482
1166,0.004359612824517572,1166,0.0012729589566117198,0.991,0.24843687798295702,0.4776
1167,0.004358562612615517,1167,0.0006609493797268009,0.994,0.24935680642014457,0.4923
1168,0.004357511666982377,1168,0.0003788714197331241,0.998,0.24308397642203738,0.5021
1169,0.004356459988033048,1169,0.0007849073715208631,0.994,0.24589462649254573,0.4874
1170,0.004355407576182716,1170,0.0004860161882658888,0.996,0.24366039491835095,0.4849
1171,0.004354354431846856,1171,0.000866585091942051,0.995,0.23463444738160996,0.4782
1172,0.004353300555441236,1172,0.0005820549465300116,0.996,0.2547908480678286,0.4686
1173,0.004352245947381905,1173,0.0008121428874714876,0.995,0.2541741359801519,0.4791
1174,0.004351190608085209,1174,0.0005976185523087181,0.995,0.24336088384900775,0.4858
1175,0.004350134537967778,1175,0.0006226914823249293,0.995,0.24784640485332127,0.4892
1176,0.0043490777374465325,1176,0.0010648515001646177,0.991,0.2555168671267373,0.4909
1177,0.004348020206938679,1177,0.0004338553747705494,0.995,0.2810741238650821,0.4786
1178,0.004346961946861716,1178,0.0002652774389952399,0.998,0.256492282521157,0.4907
1179,0.004345902957633425,1179,0.00010986135800651806,0.999,0.23455841328416552,0.4956
1180,0.004344843239671882,1180,0.0002768017438938841,0.998,0.23042333722114564,0.4995
1181,0.004343782793395442,1181,0.00006027183553669602,1.0,0.23039224062647137,0.4993
1182,0.004342721619222757,1182,0.0000829884442542347,1.0,0.23077936144102187,0.5022
1183,0.004341659717572759,1183,0.00010067582063909088,0.999,0.23091142617520832,0.5038
1184,0.0043405970888646716,1184,0.00009091489413376188,0.999,0.22820112946487608,0.5055
1185,0.004339533733518002,1185,0.000027197639166756527,1.0,0.22722967948232378,0.5032
1186,0.0043384696519525486,1186,0.0000530540931192393,1.0,0.22887715214774723,0.504
1187,0.004337404844588391,1187,0.00003052180448191523,1.0,0.23198609153429667,0.5049
1188,0.0043363393118459,1188,0.00001687808062775903,1.0,0.23306308814457485,0.5059
1189,0.00433527305414573,1189,0.00003659354260456721,1.0,0.23260291488397689,0.5038
1190,0.004334206071908824,1190,0.000030347607857298238,1.0,0.2329288139229729,0.5038
1191,0.004333138365556409,1191,0.000011360704147158512,1.0,0.23436006619816735,0.5049
1192,0.0043320699355099985,1192,0.00003814409378069935,1.0,0.23608298613911582,0.5032
1193,0.004331000782191392,1193,0.000011275001876735283,1.0,0.23835212006455375,0.5008
1194,0.004329930906022674,1194,0.00013903033933664638,0.999,0.23898072441418966,0.5016
1195,0.004328860307426214,1195,0.000011119156381157933,1.0,0.24116814945425305,0.5002
1196,0.004327788986824669,1196,0.00009386501591550422,0.999,0.24152793004399253,0.4945
1197,0.004326716944640979,1197,0.00003997436869256143,1.0,0.24720414578914643,0.4906
1198,0.004325644181298369,1198,0.0003413639733913615,0.999,0.24225386324382964,0.4925
1199,0.004324570697220348,1199,0.00024934484220769565,0.999,0.24770435917945136,0.4923
1200,0.004323496492830712,1200,0.0004132262785701425,0.996,0.25551667028949376,0.4884
1201,0.004322421568553538,1201,0.00016666023843537827,0.999,0.28894155479612804,0.4685
1202,0.004321345924813191,1202,0.0005452654375057179,0.996,0.2566242865153721,0.4836
1203,0.004320269562034317,1203,0.00008489594390647697,1.0,0.24763471682866414,0.4856
1204,0.004319192480641848,1204,0.0004084241999667678,0.998,0.2493580433584395,0.4897
1205,0.004318114681060998,1205,0.00033688384627610156,0.997,0.25352160788717726,0.49
1206,0.004317036163717266,1206,0.0011471756439450907,0.997,0.269764624890827,0.4795
1207,0.004315956929036432,1207,0.0022038646330613467,0.99,0.27381889110519775,0.4732
1208,0.004314876977444562,1208,0.0019120314862534759,0.989,0.2807040257113321,0.4721
1209,0.004313796309368003,1209,0.00042482204679843215,0.996,0.29626461551302957,0.4552
1210,0.004312714925233386,1210,0.0013023317331403849,0.991,0.2697477427266893,0.4797
1211,0.004311632825467626,1211,0.0017147626079219793,0.992,0.25790983864239286,0.4803
1212,0.004310550010497916,1212,0.0018903723728380143,0.989,0.27776767285097215,0.4537
1213,0.004309466480751735,1213,0.0025875154089936543,0.985,0.25462568757079895,0.4712
1214,0.004308382236656845,1214,0.001274764744309886,0.993,0.24741436739762623,0.4572
1215,0.004307297278641286,1215,0.001240945645674531,0.993,0.25185260219233374,0.4705
1216,0.004306211607133384,1216,0.001428235250170387,0.992,0.2550471332811174,0.4759
1217,0.004305125222561745,1217,0.0008366493635722214,0.993,0.25401037065755755,0.4736
1218,0.0043040381253552544,1218,0.0017891940577620907,0.99,0.24897251711005255,0.468
1219,0.004302950315943083,1219,0.00044802751550118307,0.995,0.24992952545483907,0.4671
1220,0.00430186179475468,1220,0.0007072927311084987,0.996,0.24672166336150397,0.4686
1221,0.0043007725622197755,1221,0.000945656597780596,0.994,0.24530058872132074,0.4826
1222,0.004299682618768384,1222,0.0013409429160501098,0.994,0.268204879902658,0.465
1223,0.004298591964830795,1223,0.002230554724866081,0.989,0.2521154615141097,0.4698
1224,0.004297500600837583,1224,0.002078858564519102,0.985,0.23858005276748112,0.4755
1225,0.0042964085272196,1225,0.002418505460289972,0.988,0.2302517106135686,0.4897
1226,0.004295315744407981,1226,0.0008396438587667598,0.995,0.2228694654646374,0.4929
1227,0.004294222252834138,1227,0.0004881470757980077,0.997,0.2230162515526726,0.4809
1228,0.004293128052929764,1228,0.0007046897735563107,0.996,0.2354237634511221,0.4676
1229,0.004292033145126833,1229,0.000963493908611348,0.993,0.23854764487062183,0.4713
1230,0.004290937529857596,1230,0.0004636490694316481,0.996,0.23875998854637145,0.4731
1231,0.0042898412075545855,1231,0.0002942300201365946,0.998,0.2353686430624553,0.4738
1232,0.004288744178650612,1232,0.0003599006422085776,0.999,0.23097150467690966,0.4723
1233,0.004287646443578766,1233,0.0004353530485310503,0.997,0.23048686853476932,0.479
1234,0.004286548002772414,1234,0.00008538770894769446,1.0,0.22960778120018188,0.4844
1235,0.004285448856665204,1235,0.0006069071923342389,0.998,0.22766191505250477,0.4864
1236,0.004284349005691061,1236,0.0001638100010972093,0.998,0.22742757939157032,0.4899
1237,0.00428324845028419,1237,0.00025723956960497336,0.998,0.22795345456827254,0.4855
1238,0.004282147190879071,1238,0.00034838307969732254,0.997,0.231299489736557,0.481
1239,0.0042810452279104655,1239,0.0002344324609674957,0.997,0.23460795623915537,0.4752
1240,0.00427994256181341,1240,0.00010545624120693122,1.0,0.23383852584021433,0.4744
1241,0.004278839193023221,1241,0.00014146976012679736,0.999,0.23180232998870667,0.4807
1242,0.004277735121975489,1242,0.0002477352509231423,0.996,0.22635548625673566,0.4899
1243,0.004276630349106085,1243,0.0001621447693088114,0.999,0.2292316687958581,0.4949
1244,0.004275524874851156,1244,0.00018272024490648792,0.999,0.2324686579761051,0.4902
1245,0.004274418699647125,1245,0.00017697800597358895,0.998,0.23309394121170043,0.4938
1246,0.004273311823930693,1246,0.00015022653289114323,0.999,0.23138534696329208,0.4888
1247,0.004272204248138837,1247,0.00013181880214168423,0.998,0.22754455819016411,0.4893
1248,0.004271095972708809,1248,0.00005615746471492111,1.0,0.22701318931011927,0.4923
1249,0.004269986998078141,1249,0.00025196842398145236,0.998,0.22638571702298663,0.4938
1250,0.004268877324684636,1250,0.00006510777477940013,1.0,0.2340811610221863,0.4882
1251,0.004267766952966377,1251,0.00031849978802797737,0.999,0.22863549703643435,0.4843
1252,0.004266655883361722,1252,0.000251692246820312,0.998,0.23885665734608968,0.4694
1253,0.004265544116309302,1253,0.0005152007546539174,0.997,0.24297132080509548,0.4713
1254,0.0042644316522480255,1254,0.00033787437288473096,0.998,0.23188846295788174,0.4939
1255,0.004263318491617076,1255,0.0005021029149983882,0.998,0.23451142396245683,0.4888
1256,0.004262204634855912,1256,0.0005866625546158979,0.994,0.24487390518188476,0.4846
1257,0.004261090082404266,1257,0.00031017815421191265,0.997,0.2518107953525725,0.4815
1258,0.004259974834702146,1258,0.0006225253565346412,0.998,0.2335264850230444,0.4981
1259,0.004258858892189833,1259,0.00004602061203297039,1.0,0.22921488114765712,0.4983
1260,0.004257742255307885,1260,0.0003792993094456116,0.996,0.2225526490381786,0.5009
1261,0.004256624924497132,1261,0.00027815219133723684,0.999,0.22155948252904983,0.4986
1262,0.004255506900198678,1262,0.000240757132165267,0.998,0.22688229055631728,0.5064
1263,0.004254388182853902,1263,0.00014801077858941252,0.999,0.22851024440356663,0.5053
1264,0.004253268772904454,1264,0.00012978655472363157,0.999,0.22997983708268122,0.4964
1265,0.004252148670792262,1265,0.000055606691040295464,1.0,0.23024672056947434,0.4931
1266,0.004251027876959524,1266,0.0001595203194440165,0.999,0.2297139428910755,0.4966
1267,0.00424990639184871,1267,0.00003793558270055135,1.0,0.23412392025902157,0.4995
1268,0.004248784215902567,1268,0.00007921101141186054,0.999,0.23367392562684558,0.4998
1269,0.00424766134956411,1269,0.00008088792026769842,1.0,0.2317063392627807,0.5023
1270,0.00424653779327663,1270,0.00005180931683363659,1.0,0.23140206450507755,0.5008
1271,0.004245413547483689,1271,0.00016941338069608762,0.999,0.23126122710250674,0.5022
1272,0.004244288612629122,1272,0.0002181418901836012,0.998,0.22660167728151595,0.4998
1273,0.004243162989157033,1273,0.000029031462612952703,1.0,0.2262365643467222,0.4956
1274,0.004242036677511805,1274,0.0001427151463368708,0.998,0.22612626183600654,0.4976
1275,0.004240909678138084,1275,0.000055829909407683385,1.0,0.2244556330499195,0.5
1276,0.004239781991480792,1276,0.00008184618495544696,0.999,0.22398282970700945,0.4976
1277,0.004238653617985124,1277,0.00003142357125051647,1.0,0.2270456612110138,0.4989
1278,0.0042375245580965415,1278,0.000026866574184428566,1.0,0.22658734179678416,0.4999
1279,0.004236394812260781,1279,0.00024327620915409214,0.999,0.2246920855272384,0.4968
1280,0.004235264380923848,1280,0.00005940399809592886,1.0,0.22547092239061992,0.4974
1281,0.004234133264532018,1281,0.00002003163020466066,1.0,0.2278966023808434,0.5021
1282,0.004233001463531839,1282,0.000010847106804725454,1.0,0.2287755801564171,0.5011
1283,0.004231868978370128,1283,0.0002131603190762343,0.999,0.23034253787426723,0.4996
1284,0.004230735809493971,1284,0.000029740904881778296,1.0,0.23155288355691092,0.4972
1285,0.004229601957350727,1285,0.00006305855484762495,1.0,0.2324715581678209,0.497
1286,0.004228467422388022,1286,0.000025118518492274145,1.0,0.23161455463795436,0.5002
1287,0.004227332205053752,1287,0.000011188049462535196,1.0,0.23084753652413686,0.5017
1288,0.004226196305796083,1288,0.00001907291173860618,1.0,0.23133142931120737,0.5026
1289,0.004225059725063449,1289,0.00013549620039806802,0.998,0.23338514467080435,0.5035
1290,0.004223922463304557,1290,0.00004489284509916269,1.0,0.23358575545606158,0.5048
1291,0.004222784520968376,1291,0.00006964566050339185,0.999,0.22977038309687658,0.4984
1292,0.004221645898504151,1292,0.00004798663569869989,1.0,0.22916787337689173,0.4974
1293,0.004220506596361391,1293,0.00003657636518385386,1.0,0.22818665334156582,0.4986
1294,0.0042193666149898746,1294,0.000025360149060188198,1.0,0.2288376000665483,0.5012
1295,0.004218225954839648,1295,0.00003637753733138587,1.0,0.2311433133624849,0.5008
1296,0.004217084616361026,1296,0.000014891031025312951,1.0,0.23190643006847017,0.5
1297,0.004215942600004591,1297,0.0000774329074981021,0.999,0.2332963561727887,0.5005
1298,0.004214799906221192,1298,0.00005495056967404144,0.999,0.23497962511721113,0.4955
1299,0.004213656535461948,1299,4.7596241052988694e-6,1.0,0.23752555322079433,0.4936
1300,0.0042125124881782425,1300,0.00016161234160400845,0.998,0.23800599489893232,0.4969
1301,0.004211367764821727,1301,0.00032776188956112103,0.998,0.24258724876812526,0.4894
1302,0.004210222365844321,1302,0.0002133814250555588,0.999,0.24445218514828454,0.4869
1303,0.004209076291698211,1303,0.00017242050195082336,0.999,0.24463539520899455,0.4956
1304,0.004207929542835847,1304,0.0009184500378891936,0.996,0.23933173630918775,0.4932
1305,0.004206782119709947,1305,0.00004895021161896044,1.0,0.2388834428219568,0.4822
1306,0.004205634022773496,1306,0.000389092026688602,0.999,0.2374271592923573,0.4828
1307,0.0042044852524797454,1307,0.00015931688847645308,0.999,0.23807858853113084,0.4848
1308,0.0042033358092822114,1308,0.0003813514981413304,0.997,0.23656101794469925,0.4935
1309,0.004202185693634675,1309,0.00008590701515588859,0.999,0.23949858517873854,0.4847
1310,0.004201034905991185,1310,0.00026439013397196377,0.998,0.23849878637563615,0.4889
1311,0.004199883446806053,1311,0.0003168443897829136,0.998,0.23614276150862376,0.4995
1312,0.004198731316533857,1312,0.0000644034615626359,1.0,0.2489317415725617,0.4989
1313,0.00419757851562944,1313,0.0001020196440159842,1.0,0.24836891265142533,0.4914
1314,0.004196425044547909,1314,0.0004224760038293122,0.998,0.2441405333223797,0.4862
1315,0.0041952709037446365,1315,0.00006740269739003408,1.0,0.2468759631826764,0.4821
1316,0.004194116093675261,1316,0.00006314865207795741,1.0,0.24586444270043145,0.4814
1317,0.0041929606147956796,1317,0.000025228062744038954,1.0,0.2466150530747005,0.4819
1318,0.004191804467562059,1318,0.0001559536956067729,0.999,0.24457432599294754,0.4812
1319,0.004190647652430828,1319,0.00015146386894706492,0.999,0.25009094448316666,0.4762
1320,0.004189490169858678,1320,0.0004793981892622209,0.998,0.2626309648865745,0.4756
1321,0.0041883320203025655,1321,0.0002277549287360411,0.997,0.27197370671090626,0.4751
1322,0.00418717320421971,1322,0.0012373874409864324,0.996,0.25891199764751255,0.4786
1323,0.004186013722067593,1323,0.0005449470378759239,0.997,0.2474223582517533,0.4749
1324,0.00418485357430396,1324,0.000790680061549037,0.994,0.2482181151707967,0.4778
1325,0.0041836927613868174,1325,0.0008875355204162631,0.992,0.26817168792088825,0.4696
1326,0.004182531283774439,1326,0.0011599141885415606,0.991,0.25593045297123135,0.476
1327,0.004181369141925355,1327,0.0014188832407983551,0.991,0.25901994705200193,0.4709
1328,0.00418020633629836,1328,0.0013044239950388494,0.993,0.24542878724279857,0.4693
1329,0.004179042867352515,1329,0.0011266638820026337,0.991,0.2632092087041764,0.4628
1330,0.0041778787355471365,1330,0.0012574503527416493,0.989,0.2536263944137664,0.4719
1331,0.004176713941341806,1331,0.0025827125368994616,0.988,0.24930375743479954,0.4762
1332,0.004175548485196365,1332,0.0017420945860933336,0.988,0.253838219103359,0.4687
1333,0.004174382367570917,1333,0.0017157801693039282,0.987,0.2686037282148997,0.4478
1334,0.0041732155889258275,1334,0.001893991127698904,0.986,0.2309213446719306,0.4725
1335,0.004172048149721722,1335,0.0012384975035231384,0.994,0.25492536028226215,0.4693
1336,0.004170880050419488,1336,0.0019186602897077268,0.987,0.23699596311364854,0.4879
1337,0.004169711291480271,1337,0.0009152211284907978,0.995,0.22696442958854493,0.4868
1338,0.004168541873365479,1338,0.0007114301933186306,0.994,0.22580149273077646,0.4849
1339,0.004167371796536781,1339,0.000680753207277684,0.993,0.23535011382330032,0.4739
1340,0.004166201061456104,1340,0.001630158619567131,0.995,0.23528208959670294,0.4773
1341,0.0041650296685856346,1341,0.0005987359999424024,0.997,0.22728450880164192,0.4861
1342,0.004163857618387821,1342,0.00022087479980352023,0.999,0.22444976582413628,0.4873
1343,0.00416268491132537,1343,0.0006638574677275582,0.997,0.22893194059530894,0.4849
1344,0.004161511547861248,1344,0.0003718195879454946,0.997,0.2272591294277282,0.4859
1345,0.0041603375284586805,1345,0.00012725270755167695,0.999,0.22685751404081073,0.488
1346,0.004159162853581152,1346,0.00014353343357513602,0.998,0.22124661263965426,0.4906
1347,0.004157987523692405,1347,0.00007111675785424831,1.0,0.22044652842340015,0.4879
1348,0.00415681153925644,1348,0.000053033445510664023,1.0,0.21961319418180555,0.486
1349,0.0041556349007375185,1349,0.00009794546843165466,0.999,0.21836736500263215,0.4886
1350,0.004154457608600158,1350,0.00008122808815512274,0.999,0.2174171771321978,0.4929
1351,0.004153279663309136,1351,0.0004228301312694038,0.997,0.21764773967720213,0.5007
1352,0.004152101065329485,1352,0.00020163647111205916,0.998,0.22476178577968053,0.5029
1353,0.0041509218151264985,1353,0.00004390595001625895,1.0,0.23052167282218025,0.5002
1354,0.004149741913165725,1354,0.00007777952244699311,1.0,0.2297604861713591,0.5023
1355,0.0041485613599129695,1355,0.000039275492998144945,1.0,0.22733245279107775,0.5043
1356,0.004147380155834299,1356,0.0003631625767454915,0.998,0.22552870228177024,0.4983
1357,0.004146198301396031,1357,0.000024943381417653566,1.0,0.2258516027813866,0.4953
1358,0.004145015797064745,1358,0.00013649275674002377,0.999,0.22696193910780407,0.4932
1359,0.004143832643307274,1359,0.00017132292313839397,0.999,0.22767695188522338,0.4896
1360,0.0041426488405907095,1360,0.00005723199824171301,0.999,0.23428599323545182,0.4815
1361,0.004141464389382397,1361,0.0004071752494686128,0.996,0.23329659487519946,0.4952
1362,0.004140279290149939,1362,0.0004366137162876493,0.998,0.23305307314509438,0.4961
1363,0.0041390935433611945,1363,0.00021055954242737719,0.998,0.23032874720437185,0.4931
1364,0.004137907149484278,1364,0.00004696015799882367,1.0,0.23066795198690324,0.4921
1365,0.004136720108987558,1365,0.0001433162919316341,0.999,0.22686148825145902,0.4962
1366,0.004135532422339659,1366,0.00006481627925885343,1.0,0.2268967154480162,0.5003
1367,0.0041343440900094616,1367,0.0001164826382938329,0.999,0.22813265295255752,0.4989
1368,0.004133155112466101,1368,0.000057528502111381385,1.0,0.22891929334118252,0.4981
1369,0.004131965490178966,1369,0.00002587955872340466,1.0,0.22983698404970623,0.4951
1370,0.0041307752236177005,1370,0.00003212394403817598,1.0,0.23013886837732225,0.4937
1371,0.004129584313252203,1371,0.000022462825611347354,1.0,0.23028195046243213,0.4955
1372,0.004128392759552626,1372,0.00001235309303280831,1.0,0.22800226211547853,0.4981
1373,0.0041272005629893775,1373,0.00008060221993911823,0.999,0.2281597133193697,0.5003
1374,0.0041260077240331166,1374,0.000040412850694337976,1.0,0.22676522306033542,0.5001
1375,0.004124814243154756,1375,0.000049605637719824224,0.999,0.22895969606581187,0.5001
1376,0.004123620120825466,1376,0.00014955576907162876,0.999,0.2313933857849666,0.5019
1377,0.004122425357516664,1377,0.00015032503493525188,0.998,0.23960314109211878,0.4951
1378,0.004121229953700025,1378,0.0001306144091532111,0.999,0.2503799835840861,0.4849
1379,0.004120033909847476,1379,0.0007829230183103521,0.996,0.23290792760394868,0.5003
1380,0.004118837226431196,1380,0.00045669834885518954,0.998,0.23711718661444528,0.4882
1381,0.004117639903923617,1381,0.0010012045849656542,0.994,0.2412846992413203,0.4751
1382,0.004116441942797421,1382,0.00025642066525289833,0.998,0.24222771028677623,0.4673
1383,0.004115243343525546,1383,0.0004601237269525882,0.996,0.24876018095584143,0.4694
1384,0.0041140441065811795,1384,0.00045517404872779955,0.997,0.24522157609462739,0.4795
1385,0.004112844232437762,1385,0.00012158978435244145,0.999,0.2469716395650591,0.4791
1386,0.004111643721568983,1386,0.0003242235636987191,0.998,0.24155801790101186,0.4868
1387,0.004110442574448788,1387,0.0001206000169553417,0.999,0.23686727313768297,0.4936
1388,0.004109240791551367,1388,0.00018163740553843257,0.999,0.23984907666842142,0.4904
1389,0.004108038373351167,1389,0.0005814978806787016,0.998,0.24675941807883126,0.4867
1390,0.004106835320322885,1390,0.00007064952418052901,1.0,0.24961733576797304,0.4813
1391,0.004105631632941465,1391,0.0004280480692007889,0.997,0.24934006532033284,0.4806
1392,0.0041044273116821045,1392,0.00006533520202841221,1.0,0.24728162984053295,0.4879
1393,0.004103222357020251,1393,0.0003958945554976318,0.998,0.24582033696628752,0.4875
1394,0.004102016769431602,1394,0.0000878129452584766,1.0,0.24909939595631192,0.4855
1395,0.004100810549392102,1395,0.00006010283206186224,1.0,0.25444937433515274,0.4851
1396,0.00409960369737795,1396,0.0004836311775198694,0.996,0.24813519361473266,0.4843
1397,0.004098396213865592,1397,0.0006111148074220788,0.997,0.24988319675127665,0.4829
1398,0.0040971880993317215,1398,0.0003898877344216176,0.998,0.2451227856533868,0.4863
1399,0.004095979354253283,1399,0.00036959187907216674,0.998,0.24168555268219538,0.4797
1400,0.004094769979107472,1400,0.00042903505172511185,0.998,0.24184746969313847,0.4811
1401,0.004093559974371729,1401,0.000585839300107355,0.997,0.2561713911238171,0.4801
1402,0.004092349340523746,1402,0.0004164484794489995,0.997,0.25125850325539,0.4839
1403,0.00409113807804146,1403,0.0008784372326945664,0.995,0.2560557366836639,0.4796
1404,0.00408992618740306,1404,0.001082664168366353,0.997,0.25001736340068637,0.4742
1405,0.004088713669086981,1405,0.0005246498169851423,0.996,0.2466954624369031,0.4858
1406,0.004087500523571906,1406,0.0001477843891604737,1.0,0.25691746913251423,0.4842
1407,0.004086286751336765,1407,0.00032678939862221127,0.998,0.24907162075950987,0.4877
1408,0.004085072352860737,1408,0.00024811740669455115,0.998,0.25234407896087285,0.4834
1409,0.0040838573286232464,1409,0.00028377327236653186,0.998,0.25159304794811066,0.4872
1410,0.004082641679103966,1410,0.00047390614504582205,0.998,0.25063363427207586,0.4839
1411,0.004081425404782815,1411,0.00007194588709223484,1.0,0.2630467792352041,0.4779
1412,0.00408020850613996,1412,0.0002605201603468491,0.996,0.25759919683138527,0.481
1413,0.0040789909836558115,1413,0.00006120386006798417,1.0,0.2540932154371625,0.4851
1414,0.004077772837811029,1414,0.00011867339695267478,0.999,0.2511788003501438,0.488
1415,0.004076554069086518,1415,0.0002814007974891519,0.998,0.2557478117091315,0.4864
1416,0.0040753346779634275,1416,0.0006552073057589171,0.998,0.2529546842688606,0.4894
1417,0.004074114664923155,1417,0.0000680527147692157,0.999,0.253990257921673,0.4913
1418,0.004072894030447342,1418,0.000018356738564762054,1.0,0.25635654784384226,0.49
1419,0.0040716727750178755,1419,0.0002011240245511068,0.998,0.25927617337022507,0.4898
1420,0.0040704508991168875,1420,0.00015322846103940502,0.999,0.2564790360984348,0.4918
1421,0.004069228403226756,1421,0.0007290103626257318,0.996,0.25568989444346657,0.4887
1422,0.004068005287830103,1422,0.00014845919265228855,1.0,0.25842915901115965,0.4827
1423,0.004066781553409795,1423,0.00018177154327401825,0.998,0.25281184372447785,0.4855
1424,0.004065557200448942,1424,0.0003484720359882063,0.997,0.2634982250985645,0.4758
1425,0.0040643322294309,1425,0.00044266496249855704,0.996,0.2642268200715383,0.4765
1426,0.004063106640839268,1426,0.00016189316123754472,0.999,0.2631134766907919,0.486
1427,0.004061880435157888,1427,0.00008842500197455852,1.0,0.2612007961386726,0.486
1428,0.004060653612870849,1428,0.0001311740706590908,0.999,0.25539444841089703,0.4911
1429,0.00405942617446248,1429,0.00047636983643834744,0.997,0.25003226484571184,0.4823
1430,0.004058198120417352,1430,0.00010053194442402205,0.999,0.2526505084264846,0.4777
1431,0.004056969451220285,1431,0.0003439647550424395,0.997,0.2501115391651789,0.4839
1432,0.004055740167356335,1432,0.0001966632341160827,0.999,0.2562651844251724,0.483
1433,0.004054510269310805,1433,0.00004242920849286574,1.0,0.26028895136855895,0.4858
1434,0.004053279757569241,1434,0.00007590623209537062,0.999,0.25975442755789985,0.4879
1435,0.004052048632617427,1435,0.0007877320469041089,0.997,0.25562385263897125,0.488
1436,0.004050816894941393,1436,0.00012314156958295608,0.999,0.25684190335727874,0.4822
1437,0.004049584545027409,1437,0.00006945688905294187,1.0,0.2580955417383285,0.4787
1438,0.004048351583361988,1438,0.00009212447678562188,1.0,0.25506083099615007,0.4794
1439,0.004047118010431882,1439,0.00007938894842005712,1.0,0.2545302532968067,0.4805
1440,0.004045883826724087,1440,0.00007050986886540722,1.0,0.250155261300859,0.4879
1441,0.0040446490327258385,1441,0.00001950798912817152,1.0,0.24845894603502183,0.4906
1442,0.0040434136289246156,1442,0.00011079112950288359,0.999,0.2500846273842312,0.4919
1443,0.0040421776158081355,1443,0.00009482760322585126,0.999,0.25048659827028,0.4915
1444,0.004040940993864355,1444,0.00021242062201140687,0.999,0.25243551049913676,0.4908
1445,0.0040397037635814745,1445,0.000026782170964777053,1.0,0.25578212624504454,0.4821
1446,0.004038465925447932,1446,0.0006239101257094825,0.997,0.26559555246716454,0.4839
1447,0.004037227479952406,1447,0.0010973958181109214,0.995,0.26457013516199024,0.4779
1448,0.004035988427583817,1448,0.0004909164275713486,0.998,0.2691567281881968,0.4669
1449,0.004034748768831323,1449,0.000656990835739721,0.997,0.26120857894420624,0.4796
1450,0.004033508504184319,1450,0.00037216585977668207,0.998,0.25447765390078225,0.4947
1451,0.004032267634132445,1451,0.0005459356308121988,0.997,0.241851892215865,0.4978
1452,0.004031026159165575,1452,0.0001997080388329258,0.999,0.2448953038170224,0.4878
1453,0.004029784079773824,1453,0.0006049920696005713,0.998,0.23887551242396945,0.4971
1454,0.004028541396447545,1454,0.00018486682217501636,0.998,0.23611198961734772,0.4972
1455,0.00402729810967733,1455,0.0002513599590764941,0.999,0.23933032084079015,0.4936
1456,0.00402605421995401,1456,0.0001969536202696396,0.999,0.24612576251938229,0.4876
1457,0.004024809727768652,1457,0.000045873119580348776,1.0,0.2473519654501052,0.4887
1458,0.004023564633612561,1458,0.00046102552741580265,0.996,0.24639546998909542,0.485
1459,0.004022318937977281,1459,0.0005580678443948273,0.997,0.2524069066558565,0.4752
1460,0.004021072641354594,1460,0.0008277297494628112,0.997,0.2527087655805406,0.47
1461,0.004019825744236517,1461,0.00043002576594950543,0.997,0.2734850023474012,0.4653
1462,0.004018578247115306,1462,0.0007472107068419323,0.997,0.28093702111925395,0.4772
1463,0.004017330150483452,1463,0.0005752338624699318,0.997,0.27582416307358515,0.4781
1464,0.004016081454833685,1464,0.0009615201076182226,0.994,0.2777990298611777,0.4589
1465,0.004014832160658969,1465,0.0009368488885922402,0.995,0.2728880057732264,0.4576
1466,0.0040135822684525075,1466,0.0011009210360325163,0.995,0.2794646617912111,0.4511
1467,0.004012331778707736,1467,0.0013810226435972644,0.991,0.25562719447272164,0.4776
1468,0.00401108069191833,1468,0.001260815885394723,0.993,0.2694232611429124,0.4696
1469,0.004009829008578197,1469,0.001166034024208784,0.992,0.27239041669028147,0.4729
1470,0.004008576729181482,1470,0.0008047836641448417,0.997,0.2777027218114762,0.463
1471,0.004007323854222566,1471,0.001441116534156858,0.99,0.2589254458745321,0.4754
1472,0.0040060703841960634,1472,0.0008068573647289581,0.993,0.2570183027358282,0.4792
1473,0.004004816319596825,1473,0.0006162421784773912,0.997,0.2463016959882918,0.4879
1474,0.004003561660919935,1474,0.001003143712989099,0.995,0.25188333420526415,0.4765
1475,0.0040023064086607135,1475,0.000763303158150631,0.998,0.25176580775351753,0.4799
1476,0.004001050563314714,1476,0.00043780121666800583,0.997,0.2462320136172431,0.4807
1477,0.003999794125377724,1477,0.00030015347753457416,0.999,0.23545539776484173,0.4953
1478,0.003998537095345765,1478,0.00018377098136365281,0.999,0.23214232041722252,0.4944
1479,0.0039972794737150935,1479,0.000343025016523565,0.998,0.2381526067143395,0.493
1480,0.003996021260982198,1480,0.00035938434164217183,0.997,0.240253288547198,0.4921
1481,0.003994762457643802,1481,0.00011539618953108965,1.0,0.24702274728389012,0.494
1482,0.003993503064196859,1482,0.000125262747696113,0.999,0.2464693456888199,0.4935
1483,0.003992243081138559,1483,0.00007332807572744233,1.0,0.24296218341305142,0.4959
1484,0.003990982508966323,1484,0.00023162759307957632,0.998,0.2466915265435264,0.4911
1485,0.003989721348177805,1485,0.00018744890569775765,0.997,0.25362343759763806,0.4837
1486,0.003988459599270891,1486,0.00031806797155046036,0.998,0.24171329183237894,0.4866
1487,0.003987197262743701,1487,0.00011655847022969586,1.0,0.2436818132797877,0.4897
1488,0.003985934339094584,1488,0.00007994998386926628,0.999,0.24149589765639531,0.4894
1489,0.003984670828822122,1489,0.00007256685746272394,1.0,0.240938211055029,0.4933
1490,0.003983406732425129,1490,0.00010949882059884701,0.999,0.24341973875250136,0.4919
1491,0.003982142050402652,1491,0.000049781660414910655,1.0,0.24346196438585008,0.4935
1492,0.003980876783253965,1492,0.000017514727720221606,1.0,0.243582493634451,0.4934
1493,0.003979610931478577,1493,0.00008751510851349546,0.999,0.2467671465306055,0.4927
1494,0.003978344495576226,1494,0.00019519393520438046,0.998,0.241656650248028,0.4956
1495,0.003977077476046881,1495,0.000015864333233496707,1.0,0.2420675937618528,0.4959
1496,0.003975809873390739,1496,0.00009760741786955069,0.999,0.24219453561873663,0.4968
1497,0.0039745416881082326,1497,0.00007258488633288791,1.0,0.24112329227583748,0.4936
1498,0.0039732729207000205,1498,0.00020841309320271,0.998,0.23946524603026254,0.4905
1499,0.0039720035716669915,1499,0.000027332927207420914,1.0,0.2405774244240352,0.4887
1500,0.003970733641510264,1500,0.000020577245755876427,1.0,0.2412929451181775,0.4887
1501,0.003969463130731187,1501,0.00013005593419144308,0.999,0.24466494605654762,0.493
1502,0.003968192039831337,1502,0.0001684592442480997,0.999,0.24992825743697938,0.4959
1503,0.003966920369312522,1503,0.0001457315720472252,0.998,0.2438924858967463,0.5005
1504,0.003965648119676776,1504,0.00005467499503148636,1.0,0.24089344456082298,0.4987
1505,0.003964375291426365,1505,0.00009692045079559431,0.999,0.24714051981767018,0.4878
1506,0.003963101885063779,1506,0.000048005102750418395,1.0,0.24275705516338347,0.4931
1507,0.0039618279010917405,1507,0.0005266877788450248,0.999,0.26485298048882255,0.4899
1508,0.003960553340013197,1508,0.0005491189504893901,0.997,0.25250384864353,0.4942
1509,0.003959278202331326,1509,0.00007523090187619563,1.0,0.2527516726936613,0.4876
1510,0.003958002488549531,1510,0.00017295358126527086,0.999,0.2519920134828204,0.4893
1511,0.003956726199171445,1511,0.00020630783068381354,0.998,0.2542791558163507,0.4934
1512,0.003955449334700925,1512,0.00019457199795440481,0.999,0.25932497481505073,0.4914
1513,0.003954171895642056,1513,0.00019567485634026873,0.999,0.2559788948013669,0.4903
1514,0.003952893882499154,1514,0.00019999959910083342,0.997,0.2529506047566732,0.4855
1515,0.003951615295776757,1515,0.0001930532415870056,0.999,0.25804842398280187,0.4791
1516,0.003950336135979628,1516,0.0001402192804865384,0.999,0.2566324953522001,0.4814
1517,0.003949056403612763,1517,0.0001194643302282895,0.999,0.25352859525453475,0.485
1518,0.0039477760991813785,1518,0.0000150209745611175,1.0,0.25513552526632943,0.4843
1519,0.0039464952231909175,1519,0.00006236465577828876,1.0,0.2568385276056471,0.4863
1520,0.003945213776147051,1520,0.00014979534686669163,0.999,0.2569846962179456,0.4896
1521,0.0039439317585556735,1521,0.00004768135540005114,1.0,0.2559767478988284,0.4907
1522,0.0039426491709229055,1522,7.1301640435281336e-6,1.0,0.25713702894392465,0.4909
1523,0.003941366013755092,1523,0.00002924717217042815,1.0,0.2546463028306053,0.4941
1524,0.0039400822875588016,1524,0.000035871358120078056,1.0,0.2556250479959306,0.4928
1525,0.003938797992840832,1525,0.00003166079637767758,1.0,0.2565855610938299,0.4922
1526,0.0039375131301082,1526,0.00003264262850929559,1.0,0.2562321994985853,0.4974
1527,0.003936227699868151,1527,0.000018282250872895627,1.0,0.25621705537750605,0.496
1528,0.003934941702628151,1528,0.00003673088835533972,1.0,0.25337902562958853,0.498
1529,0.003933655138895892,1529,0.000016088077115585164,1.0,0.2526281592391786,0.4974
1530,0.003932368009179289,1530,0.000037365028425656854,1.0,0.251790290361359,0.4987
1531,0.003931080313986481,1531,0.00003235897758627072,1.0,0.25011123362041654,0.4992
1532,0.003929792053825828,1532,7.114082542275788e-6,1.0,0.2487467818316959,0.5007
1533,0.003928503229205916,1533,0.000010315568141820785,1.0,0.24842695693175,0.5013
1534,0.003927213840635552,1534,5.623665288112534e-6,1.0,0.24700586284909928,0.5004
1535,0.003925923888623767,1535,6.172450726115217e-6,1.0,0.2475455697093691,0.5027
1536,0.003924633373679813,1536,3.681517628571046e-6,1.0,0.2472715275628226,0.5025
1537,0.003923342296313165,1537,2.3640127654375863e-6,1.0,0.24799727258228121,0.504
1538,0.003922050657033519,1538,0.000041231188994234324,1.0,0.24884754078728813,0.5033
1539,0.003920758456350795,1539,3.7022789889479532e-6,1.0,0.25042735721383774,0.5036
1540,0.003919465694775132,1540,0.000013831051828241297,1.0,0.2518123727469217,0.5017
1541,0.003918172372816894,1541,9.512747115401171e-6,1.0,0.25158569301877703,0.503
1542,0.003916878490986662,1542,9.005057022261012e-6,1.0,0.24994292912029084,0.5023
1543,0.0039155840497952414,1543,4.13768055923789e-6,1.0,0.25195715569314503,0.5018
1544,0.0039142890497536565,1544,0.000025465108116068657,1.0,0.25258348413876125,0.5009
1545,0.003912993491373152,1545,4.720463418076785e-6,1.0,0.2520950134311404,0.4983
1546,0.003911697375165195,1546,0.000012268898769564527,1.0,0.2535279529435294,0.4989
1547,0.003910400701641472,1547,0.000012521882278330546,1.0,0.25271741322108676,0.4994
1548,0.003909103471313888,1548,0.000014520281021240017,1.0,0.25297273298104606,0.4983
1549,0.003907805684694569,1549,0.00006865397332538643,0.999,0.2523877633469445,0.4983
1550,0.003906507342295862,1550,0.00005607398476502654,0.999,0.25197228363582064,0.4957
1551,0.00390520844463033,1551,0.000017125383641043646,1.0,0.25039044661181314,0.4976
1552,0.0039039089922107586,1552,8.839302137987812e-6,1.0,0.2497206001054673,0.4959
1553,0.0039026089855501507,1553,0.000051939630176483274,0.999,0.24938145194734845,0.4949
1554,0.003901308425161728,1554,0.000012414197271937155,1.0,0.25067598408176783,0.495
1555,0.0039000073115589315,1555,0.00016142619702869915,0.999,0.2522083682673318,0.4954
1556,0.0038987056452554204,1556,0.000017941148980428678,1.0,0.25197294695036754,0.5
1557,0.0038974034267650714,1557,0.00021653290375633376,0.998,0.25606124514625184,0.4983
1558,0.003896100656601981,1558,0.00031736119372215485,0.999,0.26484942578134085,0.492
1559,0.0038947973352804607,1559,0.00034205724051346244,0.998,0.26573543548583983,0.4892
1560,0.003893493463315042,1560,0.00010891468922463467,0.999,0.26750227369013285,0.4851
1561,0.003892189041220473,1561,0.0002515281471243638,0.999,0.2663510230325517,0.4888
1562,0.0038908840695117183,1562,0.00034210302475825996,0.999,0.2676435592628661,0.4979
1563,0.0038895785487039597,1563,0.00013991619181026528,0.999,0.2661406316927501,0.4931
1564,0.0038882724793125973,1564,0.000042331108921817283,1.0,0.26321747927438643,0.4912
1565,0.003886965861853246,1565,0.00030651995868018797,0.999,0.2615684463864281,0.4877
1566,0.003885658696841738,1566,0.00010255679379562415,0.999,0.26862836125351136,0.4821
1567,0.0038843509847941208,1567,0.00017904860487760743,0.999,0.2642069731439863,0.4841
1568,0.0038830427262266584,1568,0.00008029676185590991,1.0,0.26252078002407436,0.488
1569,0.0038817339216558316,1569,0.00023666374757643402,0.997,0.257989920320965,0.4908
1570,0.003880424571598335,1570,0.000054212047600577494,1.0,0.2596679247560955,0.4873
1571,0.003879114676571079,1571,0.00004961793399074633,1.0,0.2617022415002187,0.4866
1572,0.0038778042370911886,1572,0.000025969636832693748,1.0,0.26074774449779875,0.4887
1573,0.0038764932536760072,1573,5.3558491171792235e-6,1.0,0.26116029861427487,0.4908
1574,0.0038751817268430876,1574,0.00019664614197132497,0.998,0.2598716566960017,0.4956
1575,0.0038738696571102016,1575,0.00002494941853521076,1.0,0.2773094483784267,0.4746
1576,0.003872557044995333,1576,0.00018454951125368964,0.997,0.2684793104728063,0.4869
1577,0.0038712438910166796,1577,0.0002357406219744007,0.998,0.26430646975835165,0.4838
1578,0.0038699301956926545,1578,0.00021479247204427208,0.999,0.26849997469357084,0.4781
1579,0.0038686159595418836,1579,0.0003415941391722299,0.998,0.2667359980798903,0.4805
1580,0.0038673011830832067,1580,0.0007369691459947111,0.996,0.28487549253872463,0.4805
1581,0.0038659858668356763,1581,0.0008836135433133071,0.995,0.2804388355641138,0.4887
1582,0.0038646700113185582,1582,0.0014874034095555544,0.991,0.29279031271026246,0.4651
1583,0.003863353617051333,1583,0.0024016499103579137,0.986,0.2850495363984789,0.4593
1584,0.0038620366845536903,1584,0.0009156716183670575,0.993,0.3481538755553109,0.4402
1585,0.0038607192143455355,1585,0.001669315898436166,0.987,0.30037982776051475,0.4561
1586,0.003859401206946985,1586,0.0021012804659438274,0.988,0.28447719897542684,0.4818
1587,0.0038580826628783664,1587,0.0009317075268232397,0.995,0.3011973091534206,0.4775
1588,0.0038567635826602205,1588,0.0029956987044507904,0.988,0.28360774417718254,0.4798
1589,0.0038554439668132983,1589,0.0017615600739927253,0.992,0.2915703276793162,0.4767
1590,0.0038541238158585653,1590,0.0012839927970032608,0.988,0.2625468691190084,0.4767
1591,0.0038528031303171934,1591,0.001296100759645924,0.988,0.25401587599799746,0.4739
1592,0.0038514819107105707,1592,0.0005566385086803209,0.995,0.26468642552693683,0.46
1593,0.0038501601575602934,1593,0.0017226924870296248,0.991,0.26279460064002447,0.4729
1594,0.003848837871388168,1594,0.0010288230428808934,0.996,0.26322697344280427,0.4753
1595,0.003847515052716212,1595,0.0013078836158716253,0.991,0.2420221473489489,0.4842
1596,0.003846191702066654,1596,0.0004857342185763021,0.997,0.24122470730826967,0.4851
1597,0.0038448678199619318,1597,0.0016417812467330979,0.988,0.24446195222082592,0.4802
1598,0.0038435434069246928,1598,0.0004265262524270275,0.997,0.24059132422719684,0.4725
1599,0.0038422184634777953,1599,0.0009605038593733861,0.99,0.23902512490749359,0.4773
1600,0.0038408929901443045,1600,0.00018624783721558438,0.998,0.2511419753233592,0.4752
1601,0.0038395669874474957,1601,0.0005163466294540004,0.996,0.24741462937423161,0.482
1602,0.003838240455910856,1602,0.0005687991551461718,0.998,0.24696123089109148,0.4746
1603,0.0038369133960580778,1603,0.0004437973735288584,0.998,0.24513822141147795,0.4762
1604,0.0038355858084130625,1604,0.000709327357721382,0.995,0.2427356244552703,0.4692
1605,0.003834257693499922,1605,0.0009259298524176259,0.995,0.24540541129452842,0.4801
1606,0.0038329290518429753,1606,0.0005571094945827056,0.997,0.2578068897837684,0.4818
1607,0.003831599883966748,1607,0.0007430015366047709,0.994,0.24759900825364248,0.4873
1608,0.0038302701903959757,1608,0.00040626789857577973,0.997,0.23971078920932043,0.4892
1609,0.003828939971655599,1609,0.00006519194894714193,1.0,0.23924344636145092,0.487
1610,0.0038276092282707682,1610,0.00011019444199129274,0.999,0.23491180468173253,0.4896
1611,0.0038262779607668392,1611,0.0000956846005941597,0.999,0.23603838951814743,0.4881
1612,0.003824946169669375,1612,0.00035256613236491657,0.998,0.23647539970420656,0.4886
1613,0.003823613855504147,1613,0.0002086980279966069,0.998,0.23922623381728217,0.48
1614,0.003822281018797131,1614,0.00009008844383407406,1.0,0.24356474450656346,0.4771
1615,0.003820947660074508,1615,0.0002317909747078028,0.999,0.2415783376920791,0.4783
1616,0.00381961377986267,1616,0.00006678264487293615,0.999,0.2423993828750792,0.483
1617,0.0038182793786882096,1617,0.000022922747857159092,1.0,0.2417675963469914,0.487
1618,0.0038169444570779285,1618,0.0000432066838454505,1.0,0.24254602364131383,0.4892
1619,0.003815609015558832,1619,0.000056598029914312065,1.0,0.24156767484687625,0.4903
1620,0.0038142730546581313,1620,0.00004342985738774241,1.0,0.2389661300750006,0.4923
1621,0.003812936574903243,1621,8.077922973912099e-6,1.0,0.2388659079869588,0.4928
1622,0.0038115995768217875,1622,0.000034931113824703584,1.0,0.23710266720680964,0.4955
1623,0.0038102620609415908,1623,9.169396537886531e-6,1.0,0.23608272345293135,0.4976
1624,0.003808924027790684,1624,0.00002344827033171203,1.0,0.23608260977835882,0.4988
1625,0.003807585477897299,1625,0.000011290667121751799,1.0,0.2368492651553381,0.4978
1626,0.0038062464117898757,1626,0.00002185715552947104,1.0,0.2349232466447921,0.498
1627,0.0038049068299970566,1627,0.00008033760977490428,0.999,0.23575846879255205,0.5004
1628,0.0038035667330476863,1628,7.819953994147086e-6,1.0,0.23588020233880905,0.4997
1629,0.003802226121470815,1629,0.000017200745484539464,1.0,0.23517584672995975,0.4994
1630,0.0038008849957956938,1630,0.00020344884285891784,0.998,0.23652741752919695,0.4944
1631,0.0037995433565517775,1631,9.911769709669032e-6,1.0,0.2429892549912135,0.4897
1632,0.0037982012042687262,1632,0.000039643353743269384,1.0,0.24489557856605165,0.4887
1633,0.003796858539476398,1633,0.00011153731156809954,0.999,0.24860542757170542,0.4886
1634,0.0037955153627048576,1634,0.000060056718428400235,1.0,0.2505946846235366,0.4896
1635,0.003794171674484368,1635,0.0001152515894665114,0.999,0.25255067277522314,0.4884
1636,0.003792827475345397,1636,0.00009599393487882307,0.999,0.25239180752209256,0.4843
1637,0.0037914827658186144,1637,0.00005411322880328433,1.0,0.2527046379588899,0.4802
1638,0.0037901375464348876,1638,0.00009619330843893945,1.0,0.2563805076337996,0.4842
1639,0.0037887918177252895,1639,0.0001044580776579096,0.999,0.2554545169784909,0.4884
1640,0.003787445580221092,1640,0.00007733436712528818,0.999,0.25249972982066016,0.4935
1641,0.0037860988344537707,1641,0.00002131946203440921,1.0,0.2510563042901811,0.4941
1642,0.0037847515809549957,1642,0.00002726367680831269,1.0,0.25084786812464394,0.4952
1643,0.0037834038202566437,1643,8.338827791747116e-6,1.0,0.25013138339633034,0.4971
1644,0.003782055552890788,1644,0.00010917215807975957,0.999,0.24741026163101196,0.4957
1645,0.0037807067793897042,1645,0.000028604708567010156,1.0,0.2478372627780551,0.4931
1646,0.0037793575002858667,1646,0.000022389670924721506,1.0,0.24810254956994737,0.4912
1647,0.0037780077161119487,1647,0.000011021032973769165,1.0,0.24762415956883205,0.4932
1648,0.003776657427400824,1648,0.000023177486842281985,1.0,0.2473098058076132,0.4922
1649,0.0037753066346855662,1649,0.000026082545446115546,1.0,0.24644616501671926,0.4915
1650,0.003773955338499445,1650,0.00003394128885875467,1.0,0.24546824821404048,0.4949
1651,0.003772603539375932,1651,0.000025935486952394492,1.0,0.246077937739236,0.4955
1652,0.003771251237848696,1652,0.00001049091364231052,1.0,0.24564279743603298,0.496
1653,0.003769898434451604,1653,5.581526465903153e-6,1.0,0.2459735149428958,0.4968
1654,0.0037685451297187213,1654,0.000011986949262098365,1.0,0.24638519599324182,0.4977
1655,0.003767191324184312,1655,0.000013201019404126177,1.0,0.24601317573161352,0.4981
1656,0.0037658370183828354,1656,9.256988413480507e-6,1.0,0.2467672518321446,0.4977
1657,0.003764482212848951,1657,5.885048326923598e-6,1.0,0.24640806728885287,0.4981
1658,0.0037631269081175147,1658,0.000012391963645357118,1.0,0.24773279414290472,0.4988
1659,0.0037617711047235785,1659,0.000015133193934551465,1.0,0.24679380783012936,0.4981
1660,0.0037604148032023936,1660,1.7804834604768466e-6,1.0,0.24606858562855494,0.4981
1661,0.0037590580040894055,1661,0.000026363087727077072,1.0,0.24575597516127995,0.4996
1662,0.003757700707920257,1662,4.502248186456979e-6,1.0,0.2465125674293155,0.4994
1663,0.0037563429152307867,1663,5.469193373149513e-6,1.0,0.2461605890875771,0.4997
1664,0.0037549846265570305,1664,3.2931095250075615e-6,1.0,0.24673198007401967,0.4998
1665,0.0037536258424352184,1665,7.4791625019359e-6,1.0,0.24761434878621782,0.4997
1666,0.0037522665634017777,1666,2.106181714875025e-6,1.0,0.2474130230290549,0.4985
1667,0.0037509067899933295,1667,6.815398321469686e-6,1.0,0.24785912476834795,0.4984
1668,0.003749546522746692,1668,2.0893581525645763e-6,1.0,0.24770213337171645,0.4999
1669,0.0037481857621988754,1669,5.304751138759284e-6,1.0,0.245999618938991,0.5017
1670,0.0037468245088870876,1670,0.00003216582368958414,1.0,0.24767989275001345,0.4982
1671,0.0037454627633487295,1671,5.022229821688165e-6,1.0,0.24846399667717162,0.4965
1672,0.0037441005261213975,1672,0.000012956868876775237,1.0,0.25028526541732604,0.497
1673,0.00374273779774288,1673,0.000029748304720149982,1.0,0.2508960557835443,0.4982
1674,0.0037413745787511607,1674,8.232474052809785e-6,1.0,0.2504226796683811,0.4972
1675,0.0037400108696844176,1675,0.000010387974671608563,1.0,0.2506732434034348,0.4951
1676,0.0037386466710810215,1676,0.00010853807518309449,0.999,0.25255452664125533,0.4901
1677,0.003737281983479536,1677,0.00003539921940067697,1.0,0.25944530495575496,0.4831
1678,0.0037359168074187175,1678,0.000012756475154587644,1.0,0.25993164210092456,0.4826
1679,0.003734551143437517,1679,0.000051137465139358286,1.0,0.25832967701412385,0.4864
1680,0.0037331849920750775,1680,8.259862689945813e-6,1.0,0.2568049836726416,0.4871
1681,0.003731818353870732,1681,0.000014567331244766787,1.0,0.2573564904076712,0.4891
1682,0.0037304512293640083,1682,5.840493702721904e-6,1.0,0.25685731484776453,0.4889
1683,0.0037290836190946265,1683,5.96372261238035e-6,1.0,0.2578631365583057,0.489
1684,0.0037277155236024964,1684,0.000017551637646257795,1.0,0.2572006032580421,0.4907
1685,0.003726346943427721,1685,2.4539628146244684e-6,1.0,0.25803533352556685,0.4912
1686,0.0037249778791105938,1686,3.1652771862614567e-6,1.0,0.2578525682290395,0.4928
1687,0.0037236083311916004,1687,1.204900757199669e-6,1.0,0.25612092529024394,0.4922
1688,0.0037222383002114157,1688,5.617850839761169e-6,1.0,0.25620397201606204,0.4921
1689,0.0037208677867109066,1689,3.018653912823495e-6,1.0,0.25565448573657445,0.4926
1690,0.0037194967912311297,1690,2.4849753333997103e-6,1.0,0.2558053133033571,0.4928
1691,0.0037181253143133332,1691,1.1038593930563712e-6,1.0,0.2553430954615275,0.4928
1692,0.0037167533564989538,1692,2.7095793484477326e-6,1.0,0.2553947213150206,0.4925
1693,0.0037153809183296197,1693,1.4473138586860539e-6,1.0,0.2569187520515351,0.4917
1694,0.0037140080003471455,1694,1.8337922960026412e-6,1.0,0.2566731315283548,0.4928
1695,0.0037126346030935398,1695,2.1719953825335584e-6,1.0,0.25517941344351996,0.4934
1696,0.003711260727110998,1696,1.9188164257922747e-6,1.0,0.25489454922221955,0.493
1697,0.003709886372941902,1697,8.659990253959005e-6,1.0,0.25702751108578276,0.4923
1698,0.0037085115411288287,1698,3.4504600840873103e-6,1.0,0.25739892224470773,0.4911
1699,0.003707136232214537,1699,3.6746714938219938e-6,1.0,0.25670144146397,0.4917
1700,0.003705760446741978,1700,0.00002071104376541587,1.0,0.25453738485063826,0.4928
1701,0.00370438418525429,1701,3.267780412908819e-6,1.0,0.25458778611251287,0.4934
1702,0.0037030074482948,1702,1.5619331396096857e-6,1.0,0.2543299362772987,0.4938
1703,0.003701630236407021,1703,5.181340745658807e-6,1.0,0.25398932354790826,0.4929
1704,0.003700252550134655,1704,1.2177397663782314e-6,1.0,0.25368126332759855,0.4945
1705,0.0036988743900215905,1705,3.469431140685975e-6,1.0,0.2536350969757353,0.494
1706,0.003697495756611904,1706,1.634801011938353e-6,1.0,0.2543730363959358,0.4928
1707,0.0036961166504498573,1707,2.6421084975308553e-6,1.0,0.253996346394221,0.4923
1708,0.003694737072079899,1708,9.475527329121698e-7,1.0,0.25311140687692735,0.4935
1709,0.003693357022046666,1709,2.7027246222219435e-6,1.0,0.25405760705471037,0.4948
1710,0.003691976500894981,1710,4.301559475347208e-6,1.0,0.2537223322050912,0.4936
1711,0.003690595509169849,1711,2.33116793153732e-6,1.0,0.2536390696253095,0.4922
1712,0.0036892140474164667,1712,1.8831739225788624e-6,1.0,0.2532676767735254,0.4931
1713,0.003687832116180211,1713,2.1314870515371218e-6,1.0,0.2544834443501064,0.4947
1714,0.003686449716006648,1714,6.062126306547032e-7,1.0,0.25441141965843383,0.4958
1715,0.0036850668474415265,1715,1.8954583267605768e-6,1.0,0.25468692637625195,0.4963
1716,0.0036836835110307816,1716,0.00002198484409496987,1.0,0.254227444813365,0.4984
1717,0.003682299707320532,1717,3.0543326104071595e-6,1.0,0.25583497881889344,0.497
1718,0.0036809154368570834,1718,3.7097769553015712e-6,1.0,0.25682827035586037,0.4955
1719,0.003679530700186921,1719,2.4945741946188114e-6,1.0,0.2557970878623781,0.4966
1720,0.0036781454978567184,1720,9.957568866390092e-7,1.0,0.2548983762661616,0.4972
1721,0.003676759830413332,1721,4.51397760397889e-6,1.0,0.25476394253117696,0.4949
1722,0.0036753736984038014,1722,4.169168294408467e-6,1.0,0.2558049011798132,0.4958
1723,0.0036739871023753483,1723,3.819978197887914e-6,1.0,0.2547967003924506,0.4958
1724,0.0036726000428753793,1724,1.9278919553688044e-6,1.0,0.25368126801082064,0.4969
1725,0.003671212520451484,1725,9.742099258519807e-7,1.0,0.25562684110232764,0.4965
1726,0.0036698245356514346,1726,2.2470243428480378e-6,1.0,0.2554900396437872,0.4977
1727,0.003668436089023185,1727,5.455121056673392e-7,1.0,0.2551643390031088,0.4969
1728,0.0036670471811148706,1728,2.6431323943500374e-6,1.0,0.2539936521223613,0.4972
1729,0.003665657812474813,1729,0.000025847290208687246,1.0,0.2545419877483731,0.4972
1730,0.0036642679836515106,1730,1.2715999993079527e-6,1.0,0.25516950956412726,0.4963
1731,0.0036628776951936467,1731,1.2448523637517826e-6,1.0,0.25604217620123,0.4966
1732,0.003661486947650085,1732,0.000024545753806900654,1.0,0.2577374681120827,0.4963
1733,0.0036600957415698714,1733,2.565006046292443e-6,1.0,0.25832475139981226,0.494
1734,0.0036587040775022317,1734,2.499375969342682e-6,1.0,0.2572997334457579,0.4956
1735,0.0036573119559965713,1735,1.34487328025335e-6,1.0,0.2578686900082089,0.4952
1736,0.0036559193776024793,1736,0.00006268266733535537,0.999,0.2595647993541899,0.4957
1737,0.0036545263428697248,1737,2.2154809498499074e-6,1.0,0.25994976049377805,0.4949
1738,0.003653132852348252,1738,2.3829961800661944e-6,1.0,0.26095926250730245,0.4958
1739,0.0036517389065881924,1739,7.64835155158445e-6,1.0,0.26244287973358515,0.4949
1740,0.003650344506139853,1740,0.00001542546305071959,1.0,0.26045697118554795,0.4949
1741,0.0036489496515537206,1741,0.000012001877515948373,1.0,0.2606510437670208,0.4958
1742,0.003647554343380461,1742,5.764522503189558e-6,1.0,0.26014961571920486,0.4957
1743,0.0036461585821709205,1743,3.4379958746978357e-6,1.0,0.25954138182458425,0.497
1744,0.0036447623684761226,1744,0.0000456101804069303,0.999,0.2618241505963462,0.4926
1745,0.0036433657028472725,1745,6.212118905967232e-6,1.0,0.27261030021167937,0.4823
1746,0.003641968585835749,1746,0.00034186162806311887,0.998,0.26856372697012765,0.4857
1747,0.003640571017993114,1747,0.0002624672232189239,0.999,0.2626116866157168,0.4973
1748,0.0036391729998711043,1748,0.00017179353320292043,0.998,0.2605424836987541,0.4985
1749,0.0036377745320216354,1749,0.00009063631863509294,0.999,0.2616399163291568,0.492
1750,0.003636375614996799,1750,0.000052181200566164555,1.0,0.26024028460184734,0.4894
1751,0.0036349762493488673,1751,0.0005018849943077104,0.998,0.26426245740481785,0.4849
1752,0.003633576435630287,1752,0.00013783047753739602,0.999,0.25336089588346933,0.4949
1753,0.0036321761743936818,1753,0.0001532713613306398,0.998,0.25577805155799505,0.4952
1754,0.003630775466191853,1754,0.000022420912587438667,1.0,0.26075894577162606,0.4874
1755,0.0036293743115777787,1755,0.0002409228147717797,0.998,0.26279172755423047,0.4887
1756,0.003627972711104613,1756,0.000027929334811189966,1.0,0.2708370525212515,0.488
1757,0.003626570665325684,1757,0.0017460092642847616,0.994,0.2745836526155472,0.485
1758,0.0036251681747944964,1758,0.0019419113485214655,0.989,0.30688472759156,0.4706
1759,0.0036237652400647343,1759,0.001741442610398822,0.991,0.3273278718902951,0.4551
1760,0.0036223618616902523,1760,0.002544935831489662,0.984,0.29647363339151656,0.4543
1761,0.003620958040225081,1761,0.0017125642251422895,0.99,0.2613221083368574,0.4742
1762,0.003619553776223429,1762,0.002630684264225974,0.984,0.2663318844068618,0.4618
1763,0.0036181490702396754,1763,0.003672319541995724,0.984,0.27143129110336306,0.4632
1764,0.0036167439228283775,1764,0.0010519806639335695,0.991,0.2708628461474464,0.4485
1765,0.003615338334544265,1765,0.001641030800307081,0.988,0.2776915731884184,0.4554
1766,0.0036139323059422414,1766,0.0010653127002504853,0.993,0.2721953685794558,0.4685
1767,0.0036125258375773847,1767,0.002634932090240043,0.988,0.29331032122884476,0.4489
1768,0.0036111189300049463,1768,0.0034646455176352035,0.981,0.29253530956449963,0.4467
1769,0.0036097115837803507,1769,0.00247104406645078,0.988,0.282664197967166,0.4577
1770,0.0036083037994591965,1770,0.0012796812197415246,0.992,0.2695232675189064,0.471
1771,0.0036068955775972545,1771,0.000763229002976524,0.997,0.25501912860643294,0.477
1772,0.0036054869187504687,1772,0.0012352680427110975,0.994,0.24768216084866296,0.4708
1773,0.0036040778234749543,1773,0.0010953116843232973,0.994,0.25333438430513655,0.465
1774,0.0036026682923269997,1774,0.0011581343936822599,0.99,0.2614517521290552,0.4502
1775,0.0036012583258630674,1775,0.0004774123857108255,0.997,0.24443737651620592,0.4692
1776,0.0035998479246397885,1776,0.0004369059112962402,0.999,0.23700868004844303,0.4777
1777,0.0035984370892139664,1777,0.0003072783178400381,0.999,0.23366162776947022,0.4834
1778,0.0035970258201425786,1778,0.00021707348874077157,0.998,0.23036574948401678,0.4912
1779,0.0035956141179827703,1779,0.0001692959042321447,0.999,0.23072691758473715,0.4892
1780,0.003594201983291859,1780,0.00017514176891251867,0.998,0.2275613845813842,0.4927
1781,0.0035927894166273328,1781,0.00029338992109322656,0.998,0.22847234110037487,0.494
1782,0.0035913764185468524,1782,0.00010174863962761482,0.999,0.22604936347121285,0.4934
1783,0.003589962989608246,1783,0.0005294360595317336,0.996,0.22832579257942381,0.4811
1784,0.0035885491303695124,1784,0.00019000724746763895,0.999,0.2430966541880653,0.4703
1785,0.0035871348413888215,1785,0.00020654829971872025,0.998,0.24718527240412577,0.4731
1786,0.0035857201232245123,1786,0.00012845337672236687,1.0,0.24655029546646845,0.4775
1787,0.0035843049764350938,1787,0.00010413601817812637,1.0,0.24487189820834568,0.48
1788,0.0035828894015792413,1788,0.0006081412940970733,0.997,0.24508043896584283,0.4793
1789,0.003581473399215803,1789,0.00005513683026947547,1.0,0.25345749372527715,0.4754
1790,0.0035800569699037943,1790,0.0001817752320979101,0.998,0.25200578797431217,0.4726
1791,0.0035786401142023985,1791,0.00039174439267039167,0.999,0.24798202897821153,0.4771
1792,0.003577222832670968,1792,0.00010103175615464959,0.999,0.24464882754144215,0.4797
1793,0.0035758051258690227,1793,0.00009913309189696087,0.999,0.2450465447845913,0.4831
1794,0.003574386994356252,1794,0.00004110549872122993,1.0,0.24604472617308298,0.4843
1795,0.003572968438692511,1795,0.00010169914440623307,0.999,0.24327570611522312,0.4864
1796,0.0035715494594378222,1796,0.00025913546146295543,0.999,0.24102093435469127,0.4898
1797,0.0035701300571523765,1797,0.00007685682703595376,1.0,0.2394645774648303,0.489
1798,0.0035687102323965323,1798,0.0000399279042106909,1.0,0.23820296426614126,0.4879
1799,0.003567289985730814,1799,0.0002252179794942051,0.998,0.23784700092815217,0.4942
1800,0.003565869317715912,1800,0.00025402851897957763,0.998,0.23966032578831628,0.4931
1801,0.003564448228912683,1801,0.00006341109829442022,1.0,0.24383535385131835,0.4884
1802,0.0035630267198821512,1802,0.00004781460544715325,1.0,0.24472917531217847,0.4883
1803,0.0035616047911855055,1803,0.00006555910069783706,1.0,0.2433487486271631,0.4902
1804,0.0035601824433841,1804,0.000033727331226275836,1.0,0.24135237903822035,0.4913
1805,0.0035587596770394565,1805,0.0000191364368739804,1.0,0.24153663572810946,0.4918
1806,0.0035573364927132607,1806,0.00006072561392925092,0.999,0.24323023302214486,0.4934
1807,0.003555912890967361,1807,0.00003172201723784729,1.0,0.24316229933784123,0.4942
1808,0.0035544888723637747,1808,0.00004922634163795876,1.0,0.24286781421729497,0.4933
1809,0.003553064437464682,1809,0.000014459543221857443,1.0,0.2423172986223584,0.4919
1810,0.003551639586832427,1810,7.347305253937347e-6,1.0,0.24090755454131535,0.4931
1811,0.0035502143210295175,1811,0.000025934907690888004,1.0,0.24029154834293184,0.4937
1812,0.003548788640618625,1812,0.00006376144600445903,1.0,0.2386493702729543,0.4936
1813,0.003547362546162588,1813,0.000010814287634275388,1.0,0.23447418425764358,0.4925
1814,0.003545936038224406,1814,0.0001552842168166535,0.998,0.23428045709927878,0.497
1815,0.0035445091173672387,1815,0.0004039857384495484,0.999,0.23715778575057075,0.5009
1816,0.003543081784154414,1816,0.000051262102888791736,1.0,0.2389872207528069,0.503
1817,0.003541654039149421,1817,0.00014473775380403304,0.999,0.2407059309028444,0.5015
1818,0.0035402258829159094,1818,0.00009244205462198893,0.999,0.25109402438004813,0.4818
1819,0.0035387973160176936,1819,0.00024799862672980887,0.998,0.2418396057117553,0.4931
1820,0.0035373683390187483,1820,0.000019485519087105613,1.0,0.24432684041204908,0.4974
1821,0.003535938952483212,1821,0.00003185796088343652,1.0,0.24378868128572193,0.4991
1822,0.0035345091569753827,1822,0.00005693913689832525,0.999,0.24514178136984507,0.4932
1823,0.0035330789530597217,1823,0.000051397895904734645,1.0,0.24503525296847026,0.4936
1824,0.0035316483413008514,1824,0.00004611020592294933,1.0,0.24535490657602038,0.4955
1825,0.0035302173222635535,1825,0.00005145517118199634,1.0,0.24493535529999505,0.4979
1826,0.0035287858965127733,1826,0.000010263187310296676,1.0,0.2453792556410744,0.497
1827,0.0035273540646136134,1827,0.00011824961835113104,0.999,0.24634214072000413,0.4955
1828,0.003525921827131339,1828,0.00009718869298359052,0.999,0.24361868401368458,0.497
1829,0.003524489184631375,1829,0.00008420485415800136,0.999,0.24012903301488786,0.4964
1830,0.0035230561376793056,1830,0.000028091796160706074,1.0,0.24138075851258778,0.4997
1831,0.0035216226868408753,1831,0.000014939234092924467,1.0,0.24381149255094073,0.4982
1832,0.0035201888326819863,1832,0.000010464937504582936,1.0,0.2440981021949223,0.4994
1833,0.0035187545757687047,1833,0.000031105326007448076,1.0,0.24303178020886013,0.4985
1834,0.0035173199166672496,1834,0.000022760539303860805,1.0,0.24098020579133714,0.4985
1835,0.003515884855944002,1835,5.494375294628775e-6,1.0,0.24123194714387258,0.4962
1836,0.003514449394165502,1836,0.00002018661591916628,1.0,0.24014726295357658,0.4968
1837,0.0035130135318984478,1837,0.000014661765384343675,1.0,0.23861243554524014,0.4963
1838,0.0035115772697096935,1838,0.000010670320772901288,1.0,0.2381994359550022,0.4955
1839,0.003510140608166253,1839,0.000011490192870648267,1.0,0.23676366876988184,0.4945
1840,0.003508703547835299,1840,5.259683315931138e-6,1.0,0.23660202622413634,0.4955
1841,0.003507266089284159,1841,0.000015912488877455915,1.0,0.23773100702535538,0.4979
1842,0.0035058282330803184,1842,0.00005552104663647264,0.999,0.23787238186313991,0.4994
1843,0.003504389979791421,1843,4.682604997339825e-6,1.0,0.24301403618994213,0.4946
1844,0.0035029513299852664,1844,9.353310891431951e-6,1.0,0.24502104960736773,0.4934
1845,0.0035015122842298103,1845,2.3000910903733928e-6,1.0,0.2425909847021103,0.4943
1846,0.0035000728430931646,1846,0.000059698296809074236,1.0,0.23949201376665205,0.498
1847,0.003498633007143599,1847,0.000011864341190847058,1.0,0.23901933091027397,0.4979
1848,0.003497192776949538,1848,0.000014504418610764938,1.0,0.23829645500296637,0.4979
1849,0.0034957521530795603,1849,0.000014856657701654643,1.0,0.238958298876172,0.4986
1850,0.0034943111361024027,1850,0.00002368495577662716,1.0,0.23855267138708205,0.5
1851,0.0034928697265869547,1851,3.6243274432005515e-6,1.0,0.23797387296245212,0.5006
1852,0.0034914279251022635,1852,0.00011826029489860784,0.999,0.23872464270818802,0.4991
1853,0.0034899857322175285,1853,0.00002778138609809979,1.0,0.24302904251075927,0.4952
1854,0.003488543148502104,1854,0.00011928070231143855,0.999,0.24477429148696717,0.4954
1855,0.0034871001745255007,1855,0.000012718260959012523,1.0,0.24469848232609884,0.4969
1856,0.003485656810857381,1856,3.926135399351119e-6,1.0,0.244520522299267,0.4974
1857,0.0034842130580675624,1857,7.945391687480013e-6,1.0,0.24264127640497116,0.4977
1858,0.003482768916726015,1858,0.00001054886639567918,1.0,0.24298469651313054,0.4991
1859,0.0034813243874028633,1859,6.854457015357357e-6,1.0,0.2428652790330705,0.4989
1860,0.003479879470668385,1860,0.000021278217153459472,1.0,0.24316107417855945,0.499
1861,0.0034784341670930103,1861,0.00002619195193108767,1.0,0.24231899976730348,0.4983
1862,0.003476988477247321,1862,9.675304497813202e-6,1.0,0.24247813749881017,0.4951
1863,0.003475542401702054,1863,0.000026531945910132242,1.0,0.2413089529389427,0.4977
1864,0.0034740959410280966,1864,3.896360199394708e-6,1.0,0.24255654627368564,0.4973
1865,0.0034726490957964875,1865,6.792192260989049e-6,1.0,0.24196104591801054,0.4976
1866,0.00347120186657842,1866,9.074794921356702e-6,1.0,0.24326599935690563,0.4982
1867,0.0034697542539452353,1867,0.000023972098266053115,1.0,0.24359172071729387,0.4958
1868,0.0034683062584684307,1868,7.487418085496583e-6,1.0,0.24287543793519337,0.4951
1869,0.0034668578807196494,1869,0.0000133200494582568,1.0,0.24353638929980143,0.494
1870,0.0034654091212706884,1870,6.7114052355810556e-6,1.0,0.2434736119849341,0.4939
1871,0.0034639599806934964,1871,4.415273121507891e-6,1.0,0.24429917803832463,0.4931
1872,0.0034625104595601697,1872,0.000031387446310440106,1.0,0.2397797479515984,0.4946
1873,0.0034610605584429566,1873,3.6798726883023935e-6,1.0,0.23985277641387212,0.4932
1874,0.0034596102779142547,1874,0.00001954096973934481,1.0,0.24054435647669292,0.4917
1875,0.0034581596185466142,1875,0.000010976118300645577,1.0,0.2430066554319291,0.492
1876,0.003456708580912729,1876,6.9857698603993324e-6,1.0,0.2436101203873044,0.4933
1877,0.003455257165585448,1877,8.558795830789937e-6,1.0,0.2443123107864743,0.4938
1878,0.0034538053731377662,1878,0.000029990067398936542,1.0,0.2442155565534319,0.4914
1879,0.0034523532041428285,1879,4.363774602704022e-6,1.0,0.24394271160875047,0.4916
1880,0.0034509006591739292,1880,0.000017574115228550607,1.0,0.24467190376349857,0.4934
1881,0.003449447738804508,1881,3.080598893185587e-6,1.0,0.2445104513849531,0.4924
1882,0.0034479944436081556,1882,2.5205965649937364e-6,1.0,0.24358044181551253,0.4932
1883,0.003446540774158611,1883,2.7138582882322398e-6,1.0,0.2437040253764107,0.493
1884,0.003445086731029758,1884,2.081905482295302e-6,1.0,0.24352179964383444,0.4937
1885,0.003443632314795631,1885,3.8778710274657764e-6,1.0,0.24267612851801373,0.4938
1886,0.003442177526030411,1886,0.000010365287228826977,1.0,0.24281331556183952,0.4936
1887,0.0034407223653084252,1887,5.73313101746126e-6,1.0,0.2435027661777678,0.4944
1888,0.0034392668332041475,1888,1.5984711120879746e-6,1.0,0.2448661125841595,0.4936
1889,0.0034378109302921987,1889,1.924666353910912e-6,1.0,0.24360977893783933,0.493
1890,0.0034363546571473465,1890,2.4589729475467592e-6,1.0,0.24444641967614492,0.4937
1891,0.0034348980143445056,1891,0.000013859625420580068,1.0,0.24303847494579497,0.494
1892,0.0034334410024587335,1892,2.7768049714419854e-6,1.0,0.24419681813035693,0.4944
1893,0.003431983622065237,1893,6.897669371548025e-6,1.0,0.24569573246297383,0.4936
1894,0.0034305258737393663,1894,3.6623302624623952e-6,1.0,0.2455740539800553,0.4934
1895,0.0034290677580566175,1895,2.947004147591499e-6,1.0,0.24452285709835234,0.4929
1896,0.0034276092755926306,1896,2.5483444552437937e-6,1.0,0.24384010419959112,0.494
1897,0.003426150426923193,1897,1.3506688186940404e-6,1.0,0.24472729365030924,0.4945
1898,0.0034246912126242343,1898,0.000034287486430782466,1.0,0.246261180298669,0.4922
1899,0.003423231633271829,1899,3.0311768698863617e-6,1.0,0.25100615776720503,0.4873
1900,0.003421771689442196,1900,0.000015654822385884126,1.0,0.2507218474433536,0.4873
1901,0.0034203113817116984,1901,0.000019611906070947172,1.0,0.2489881522598721,0.4899
1902,0.003418850710656842,1902,0.000022699566327013426,1.0,0.2463665838752474,0.4952
1903,0.0034173896768542765,1903,3.701583477236238e-6,1.0,0.24602712506339663,0.4975
1904,0.0034159282808807956,1904,2.1221501031374956e-6,1.0,0.24571337274142674,0.4982
1905,0.0034144665233133346,1905,0.00002401830354193364,1.0,0.24455025408949171,0.4991
1906,0.003413004404728973,1906,0.000011457173898287736,1.0,0.2452099323272705,0.4964
1907,0.003411541925704931,1907,9.154596563391914e-6,1.0,0.24548887411753337,0.4963
1908,0.0034100790868185735,1908,3.133274769121878e-6,1.0,0.246391314410028,0.4946
1909,0.0034086158886474046,1909,3.4720466606770404e-6,1.0,0.246297031215259,0.4958
1910,0.0034071523317690732,1910,2.0819739055306334e-6,1.0,0.24632556821618762,0.4968
1911,0.0034056884167613668,1911,1.925195763739057e-6,1.0,0.24616542515300568,0.4962
1912,0.003404224144202217,1912,1.3022150350631516e-6,1.0,0.24526466925938925,0.4954
1913,0.003402759514669696,1913,2.941637024464615e-6,1.0,0.24595136415390742,0.4966
1914,0.003401294528742016,1914,2.5444901303845177e-6,1.0,0.24639776079427628,0.4947
1915,0.0033998291869975286,1915,2.399098993540368e-6,1.0,0.24509181408655076,0.4951
1916,0.0033983634900147295,1916,1.397417677361816e-6,1.0,0.24534726852462405,0.4959
1917,0.003396897438372252,1917,6.194446487348787e-6,1.0,0.2447757151864824,0.4958
1918,0.003395431032648869,1918,1.3518189586561459e-6,1.0,0.2463618189096451,0.4955
1919,0.003393964273423496,1919,2.6473723090973746e-6,1.0,0.24490807269300732,0.4946
1920,0.0033924971612751846,1920,3.0509064382992315e-6,1.0,0.24514418372086116,0.4952
1921,0.0033910296967831293,1921,0.000026866987836694446,1.0,0.24511398985272362,0.4994
1922,0.003389561880526661,1922,4.518991626615129e-6,1.0,0.24829864970275334,0.4984
1923,0.0033880937130852493,1923,0.000027195020019613974,1.0,0.24919364267871494,0.498
1924,0.0033866251950385056,1924,0.000014391278704178625,1.0,0.24955241963976904,0.4984
1925,0.0033851563269661753,1925,7.1657914358660315e-6,1.0,0.2505757306303297,0.4962
1926,0.0033836871094481457,1926,0.000010264365583690874,1.0,0.24931188779217855,0.4982
1927,0.00338221754306444,1927,3.5804553243949723e-6,1.0,0.24930970427535828,0.4967
1928,0.0033807476283952195,1928,1.4930414955588709e-6,1.0,0.24871893567698342,0.4979
1929,0.0033792773660207844,1929,6.609343228904306e-7,1.0,0.24964006940523784,0.4982
1930,0.0033778067565215708,1930,6.694613613858348e-6,1.0,0.2499096067178817,0.4978
1931,0.00337633580047815,1931,2.1365676188690398e-6,1.0,0.25072438858804247,0.4966
1932,0.0033748644984712348,1932,1.9572001947597616e-6,1.0,0.24978961660748436,0.4981
1933,0.00337339285108167,1933,1.7822249993687797e-6,1.0,0.25048108342148007,0.4986
1934,0.0033719208588904397,1934,4.952630920992565e-6,1.0,0.25056476011162715,0.4983
1935,0.0033704485224786626,1935,5.8935659464644965e-6,1.0,0.24916663467884065,0.4994
1936,0.0033689758424275944,1936,1.8317009102290848e-6,1.0,0.24939432229314532,0.4996
1937,0.003367502819318626,1937,3.231407607104518e-6,1.0,0.24953169240838005,0.4995
1938,0.0033660294537332827,1938,3.1833551853803024e-6,1.0,0.24863172159308478,0.4984
1939,0.0033645557462532263,1939,2.2785882752681833e-6,1.0,0.2492357347692762,0.498
1940,0.003363081697460253,1940,1.3931453260002377e-6,1.0,0.25009408664135707,0.4981
1941,0.003361607307936295,1941,7.147071144009672e-7,1.0,0.2498556809765952,0.498
1942,0.003360132578263416,1942,8.994317600549298e-7,1.0,0.24921766278289614,0.4985
1943,0.003358657509023817,1943,2.0006622478485086e-6,1.0,0.2507557850508463,0.4984
1944,0.0033571821007998335,1944,1.774245823699381e-6,1.0,0.2503616423833938,0.4982
1945,0.00335570635417393,1945,1.3465409227007643e-6,1.0,0.2512939109688713,0.4977
1946,0.0033542302697287104,1946,7.011367469680235e-7,1.0,0.250636275041671,0.4986
1947,0.0033527538480469083,1947,5.780545275716317e-6,1.0,0.25031602269127257,0.498
1948,0.0033512770897113926,1948,7.714522374564175e-7,1.0,0.2498539102928979,0.498
1949,0.0033497999953051635,1949,1.189162473803576e-6,1.0,0.2504930209545862,0.4968
1950,0.003348322565411354,1950,8.314257196876237e-6,1.0,0.2502600461244583,0.4972
1951,0.00334684480061323,1951,1.167336498448484e-6,1.0,0.25189324972175414,0.4987
1952,0.003345366701494192,1952,0.000015164974705666759,1.0,0.2503928445634388,0.5005
1953,0.003343888268637767,1953,5.490885352325373e-7,1.0,0.2504360584985642,0.5011
1954,0.003342409502627618,1954,3.5184326120110027e-6,1.0,0.250221369096211,0.5
1955,0.0033409304040475387,1955,7.860138761576049e-6,1.0,0.2514513589086987,0.5004
1956,0.0033394509734814538,1956,1.579056963069412e-6,1.0,0.2515861817768642,0.5009
1957,0.003337971211513419,1957,9.046807138344905e-7,1.0,0.2502839752605983,0.5015
1958,0.0033364911187276206,1958,5.060510451317311e-6,1.0,0.25141045465355827,0.5011
1959,0.003335010695708376,1959,4.453086977004464e-6,1.0,0.2512091835339864,0.5002
1960,0.003333529943040133,1960,9.036736494343651e-7,1.0,0.25019069484301976,0.5003
1961,0.0033320488613074683,1961,2.3986415237957427e-6,1.0,0.2512265327430907,0.5001
1962,0.0033305674510950905,1962,4.040706655706301e-6,1.0,0.24980968066624232,0.501
1963,0.0033290857129878375,1963,6.151364670716118e-6,1.0,0.2509627643085661,0.5005
1964,0.003327603647570674,1964,0.00004419549579197446,0.999,0.2508205019292377,0.4991
1965,0.0033261212554286977,1965,0.000010850846046023002,1.0,0.2528740604718526,0.4966
1966,0.003324638537147133,1966,6.743671021814364e-7,1.0,0.25354197763261344,0.4947
1967,0.0033231554933113344,1967,2.6107350677085334e-6,1.0,0.2547991515625091,0.4936
1968,0.003321672124506783,1968,3.530083988932477e-6,1.0,0.2541479364747093,0.4939
1969,0.003320188431319089,1969,0.00025716059250650386,0.997,0.2885182423251016,0.4842
1970,0.003318704414333991,1970,0.0015710231583517227,0.995,0.2773278063251859,0.4899
1971,0.003317220074137358,1971,0.0008783072255374421,0.994,0.28905350083396547,0.485
1972,0.0033157354113151805,1972,0.0017004622014134103,0.991,0.29420387773286727,0.4669
1973,0.003314250426453581,1973,0.0008838344173065187,0.993,0.28890487466539655,0.471
1974,0.0033127651201388096,1974,0.0011409998551243916,0.993,0.288289954832622,0.4598
1975,0.0033112794929572396,1975,0.001150269208924978,0.992,0.29222425250780015,0.4472
1976,0.0033097935454953742,1976,0.0019135276448824221,0.987,0.2736233902829034,0.4635
1977,0.0033083072783398424,1977,0.0010228882563838159,0.992,0.27647180273419336,0.4656
1978,0.0033068206920773974,1978,0.0006473548959807626,0.997,0.27710061186835877,0.4669
1979,0.003305333787294922,1979,0.0023620954030082516,0.99,0.30100844672748023,0.4572
1980,0.00330384656457942,1980,0.001825739302495051,0.987,0.302006326119105,0.4822
1981,0.003302359024518025,1981,0.002928271665171321,0.985,0.31707135694367544,0.4759
1982,0.0033008711676979943,1982,0.002015298290643841,0.991,0.28710343667439053,0.4691
1983,0.0032993829947067102,1983,0.0017374299267040832,0.986,0.26972109505108427,0.4784
1984,0.0032978945061316795,1984,0.0016392210416684282,0.99,0.24190253203823453,0.4885
1985,0.0032964057025605337,1985,0.0012927569859173325,0.989,0.2604760529029937,0.4632
1986,0.00329491658458103,1986,0.002251564441914005,0.989,0.2795491661344256,0.4356
1987,0.0032934271527810467,1987,0.0015035637701484596,0.991,0.266465790782656,0.4505
1988,0.0032919374077485892,1988,0.0006577384365733625,0.996,0.2462089498837789,0.4752
1989,0.0032904473500717847,1989,0.0005505629891385546,0.998,0.24549285968144735,0.4821
1990,0.003288956980338885,1990,0.00036568205888172435,0.998,0.25143102819011326,0.4826
1991,0.0032874662991382642,1991,0.0005942682642593614,0.995,0.2406525162004289,0.4907
1992,0.00328597530705842,1992,0.0001533154881187892,0.999,0.24361871551899683,0.488
1993,0.003284484004687971,1993,0.00006542178787293822,1.0,0.24542327778679984,0.4907
1994,0.0032829923926156615,1994,0.0003638259229427647,0.997,0.24317413242090316,0.4927
1995,0.003281500471430356,1995,0.00033087515181423876,0.998,0.24124150006544023,0.494
1996,0.00328000824172104,1996,0.00005377246742725783,1.0,0.24601688739799318,0.4905
1997,0.003278515704076823,1997,0.0003384998986543256,0.998,0.24580147124472118,0.49
1998,0.003277022859086936,1998,0.00035714994157301375,0.998,0.25193264597938175,0.4823
1999,0.0032755297073407304,1999,0.00041219749445666647,0.997,0.25243945717811583,0.4831
2000,0.0032740362494276774,2000,0.00018136451944883447,0.999,0.2516343210424696,0.4895
2001,0.0032725424859373718,2001,0.00015649381869783005,1.0,0.24656481189387186,0.4874
2002,0.0032710484174595274,2002,0.00005483055818850906,1.0,0.24244339466094972,0.4858
2003,0.0032695540445839785,2003,0.000723188327139637,0.997,0.2469100079366139,0.4847
2004,0.0032680593679006806,2004,0.00029066425997284354,0.998,0.24302123132206144,0.4923
2005,0.003266564387999708,2005,0.0003969401047167291,0.998,0.24604517860072,0.4882
2006,0.003265069105471255,2006,0.00020309729873025346,0.999,0.2466743455046699,0.4856
2007,0.003263573520905636,2007,0.00031971028078086895,0.997,0.2455191781123479,0.4851
2008,0.003262077634893282,2008,0.00040667614484846126,0.997,0.24711031175795056,0.4926
2009,0.003260581448024748,2009,0.000200701609996724,0.998,0.24769227845328196,0.4884
2010,0.0032590849608907036,2010,0.0001154311558994301,1.0,0.24879233084973834,0.4873
2011,0.003257588174081938,2011,0.00025499888089966375,0.998,0.24965440261931646,0.4894
2012,0.0032560910881893595,2012,0.00010468813308675418,1.0,0.24897840959685189,0.4919
2013,0.0032545937038039935,2013,0.00019616998742137746,0.999,0.24581993804091498,0.4936
2014,0.0032530960215169827,2014,0.0002612343439631375,0.998,0.2458254967417036,0.4924
2015,0.0032515980419195903,2015,0.000024053628034640235,1.0,0.24334546398548854,0.4957
2016,0.0032500997656031935,2016,0.000016711221481576406,1.0,0.24359473770573026,0.4952
2017,0.003248601193159289,2017,0.00004071025471473279,1.0,0.24176891971202125,0.4972
2018,0.003247102325179489,2018,0.00023357611209056422,0.999,0.23852764964103698,0.5
2019,0.003245603162255522,2019,8.659216053361196e-6,1.0,0.24094967884676796,0.4995
2020,0.0032441037049792346,2020,0.00009383556495040899,0.999,0.23895564107667833,0.5006
2021,0.00324260395394259,2021,0.00029490487044573195,0.998,0.23182532205468132,0.5041
2022,0.0032411039097376636,2022,0.00004700994040398482,1.0,0.23722996087301346,0.4975
2023,0.003239603572956652,2023,0.00013126350512764127,0.999,0.2391950936544509,0.5002
2024,0.003238102944191862,2024,0.000035797436707763975,1.0,0.24211040238539377,0.4989
2025,0.0032366020240357186,2025,0.00003193113822081137,1.0,0.24138499399026234,0.4972
2026,0.0032351008130807627,2026,0.000022535739281877232,1.0,0.2410710462502071,0.4989
2027,0.0032335993119196466,2027,0.000023408274111196598,1.0,0.2398100217183431,0.5017
2028,0.003232097521145141,2028,6.275062376170397e-6,1.0,0.23902522495814732,0.5023
2029,0.003230595441350128,2029,0.000053620159535837176,1.0,0.23870602335248675,0.5013
2030,0.0032290930731276044,2030,0.000030299362974585077,1.0,0.23941790901479268,0.499
2031,0.0032275904170706825,2031,0.000013845369461965415,1.0,0.2385155391125452,0.5008
2032,0.0032260874737725874,2032,0.000018415186916951954,1.0,0.23768204024859838,0.5007
2033,0.0032245842438266554,2033,0.000044210565896546107,1.0,0.23673104033583686,0.5029
2034,0.00322308072782634,2034,0.00002734386709692314,1.0,0.2360271394252777,0.5036
2035,0.0032215769263652045,2035,0.00009697080479652089,0.999,0.23468549790836515,0.5011
2036,0.0032200728400369263,2036,0.000016948805577634457,1.0,0.23535672028859456,0.5028
2037,0.0032185684694352942,2037,7.074850925294283e-6,1.0,0.23658688295455205,0.5007
2038,0.0032170638151542107,2038,6.556693971929019e-6,1.0,0.2374489875066848,0.4991
2039,0.0032155588777876888,2039,0.000011890104555537359,1.0,0.2361045234260105,0.5021
2040,0.0032140536579298544,2040,0.00005082312521240272,0.999,0.2368834532442547,0.5001
2041,0.0032125481561749436,2041,5.49161183828671e-6,1.0,0.23795526510193235,0.499
2042,0.0032110423731173056,2042,2.7964190610960248e-6,1.0,0.23759339309874036,0.4983
2043,0.0032095363093514,2043,0.00001430395376527962,1.0,0.23800563372316816,0.4988
2044,0.003208029965471796,2044,3.894689203185581e-6,1.0,0.23923741380373637,0.5004
2045,0.003206523342073175,2045,0.000027887441254798822,1.0,0.2376120822770255,0.5023
2046,0.003205016439750327,2046,3.5033206997814842e-6,1.0,0.23761474646273115,0.5038
2047,0.003203509259098154,2047,4.266624684879346e-6,1.0,0.23734898027919588,0.5034
2048,0.0032020018007116683,2048,0.00001798603923253679,1.0,0.23683093814622788,0.5042
2049,0.003200494065185988,2049,3.458049074348916e-6,1.0,0.23801736689749217,0.504
2050,0.0031989860531163442,2050,4.454581715305851e-6,1.0,0.23838310128166562,0.5044
2051,0.003197477765098077,2051,0.000011996830591799932,1.0,0.2378115585872105,0.5066
2052,0.0031959692017266344,2052,2.676478364567932e-6,1.0,0.23695066769917805,0.5048
2053,0.003194460363597572,2053,3.7886925491918756e-6,1.0,0.23662755276475633,0.5056
2054,0.003192951251306557,2054,0.000011792993031381879,1.0,0.23661068692093803,0.507
2055,0.0031914418654493625,2055,6.901344650465208e-6,1.0,0.23788471335456485,0.5058
2056,0.0031899322066218693,2056,5.9396446821275665e-6,1.0,0.23826111257076263,0.5063
2057,0.0031884222754200667,2057,3.0318427282812386e-6,1.0,0.23950054900986809,0.5064
2058,0.0031869120724400523,2058,4.685607342209897e-6,1.0,0.23898822523298718,0.5067
2059,0.0031854015982780313,2059,2.9007044358444373e-6,1.0,0.2386339355082739,0.5052
2060,0.0031838908535303137,2060,0.000013102811576139911,1.0,0.23815391617161888,0.5052
2061,0.003182379838793317,2061,6.085310750287525e-6,1.0,0.2385612178416479,0.5045
2062,0.0031808685546635676,2062,3.312780498682904e-6,1.0,0.2385784062601271,0.5061
2063,0.0031793570017376953,2063,6.474833921423678e-6,1.0,0.2384193506978807,0.5067
2064,0.003177845180612438,2064,2.945861378326039e-6,1.0,0.23846919451441084,0.5057
2065,0.0031763330918846383,2065,6.858548014558134e-6,1.0,0.23792086229437873,0.5065
2066,0.003174820736151244,2066,6.983920427284743e-6,1.0,0.23787119331813994,0.5064
2067,0.003173308114009312,2067,4.38335210685095e-6,1.0,0.23703487032935733,0.5078
2068,0.003171795226055999,2068,2.521124835246675e-6,1.0,0.23680298853488196,0.5081
2069,0.0031702820728885693,2069,4.334579411339032e-6,1.0,0.23683785200119017,0.5079
2070,0.003168768655104393,2070,1.536086565628076e-6,1.0,0.2367895307995024,0.5077
2071,0.003167254973300943,2071,5.690015070415809e-6,1.0,0.2371093784059797,0.5068
2072,0.003165741028075796,2072,0.000014907843554586483,1.0,0.23802682757377625,0.5068
2073,0.003164226820026635,2073,4.980448493153658e-6,1.0,0.2391145375512895,0.5068
2074,0.0031627123497512447,2074,0.00001129419406100039,1.0,0.23893803798017046,0.5072
2075,0.0031611976178475146,2075,0.00001814577230366662,1.0,0.23949803851899645,0.5063
2076,0.003159682624913436,2076,0.000010886280863685118,1.0,0.24008762084302449,0.5042
2077,0.0031581673715471038,2077,3.8610850765508076e-6,1.0,0.240460961773282,0.5049
2078,0.0031566518583467174,2078,0.000013097280597797917,1.0,0.2385582597482772,0.5057
2079,0.003155136085910577,2079,2.3870365128329596e-6,1.0,0.23909205794334412,0.5063
2080,0.003153620054837084,2080,4.852401123874491e-6,1.0,0.23962531515530178,0.5052
2081,0.0031521037657247456,2081,0.00006291939750250701,0.999,0.23879266054857345,0.5085
2082,0.003150587219172168,2082,7.355873460060788e-6,1.0,0.24068960902236758,0.5079
2083,0.003149070415778059,2083,7.245458088315597e-6,1.0,0.24165794054667156,0.507
2084,0.0031475533561412293,2084,0.00007062344629308168,0.999,0.23862512281962803,0.5015
2085,0.0031460360408605897,2085,7.739302066597919e-6,1.0,0.24052501931076958,0.4969
2086,0.003144518470535153,2086,2.0594193572486846e-6,1.0,0.23989006465389615,0.4968
2087,0.0031430006457640316,2087,0.000011528254281940809,1.0,0.24037655123642512,0.497
2088,0.003141482567146438,2088,0.000014065281047372818,1.0,0.24171665466967082,0.4961
2089,0.003139964235281686,2089,0.00005566570842759011,0.999,0.24336149706726984,0.5015
2090,0.0031384456507691887,2090,2.188574583106813e-6,1.0,0.24186747017360868,0.5029
2091,0.0031369268142084593,2091,1.6522576786536818e-6,1.0,0.24302194728737786,0.5045
2092,0.0031354077261991115,2092,0.000013762084847712686,1.0,0.24439526285443988,0.5036
2093,0.003133888387340855,2093,7.3681068756957845e-6,1.0,0.24429148534933726,0.5055
2094,0.0031323687982335027,2094,3.288670362573092e-6,1.0,0.24349244052455538,0.5054
2095,0.0031308489594769643,2095,0.00031941082143237596,0.998,0.24371649353277117,0.5005
2096,0.0031293288716712463,2096,0.00019059220704505044,0.998,0.24563094689732506,0.5012
2097,0.0031278085354164574,2097,0.00009417353710107688,0.999,0.2581529756387075,0.4989
2098,0.0031262879513128013,2098,0.00015069086887143342,0.999,0.2680493884143375,0.4939
2099,0.0031247671199605797,2099,0.0007015844017760607,0.999,0.25892188662574406,0.4939
2100,0.0031232460419601937,2100,0.0004110538137042784,0.997,0.25203693352994466,0.4881
2101,0.0031217247179121405,2101,0.00015986639285377655,0.999,0.25366209135169077,0.4769
2102,0.0031202031484170154,2102,0.00041005754575876166,0.997,0.25123788771175204,0.4787
2103,0.0031186813340755098,2103,0.0002610335615524188,0.998,0.2647111095133282,0.4708
2104,0.0031171592754884107,2104,0.000139515651383027,0.999,0.26984394504910425,0.4745
2105,0.003115636973256604,2105,0.00043969567420953394,0.996,0.2614246393953051,0.4875
2106,0.00311411442798107,2106,0.00004295752240155014,1.0,0.25706385672092436,0.4903
2107,0.003112591640262885,2107,0.0002762383182925987,0.997,0.25143226456074486,0.4958
2108,0.0031110686107032218,2108,0.0005628872361176903,0.996,0.25685026404403505,0.4908
2109,0.0031095453399033507,2109,0.000314857112871756,0.998,0.2561634919473103,0.4916
2110,0.0031080218284646305,2110,0.0006028320306844156,0.998,0.2552243017015003,0.4879
2111,0.003106498076988523,2111,0.00017372312177463929,0.998,0.254473842893328,0.4923
2112,0.003104974086076579,2112,0.00024166246865726343,0.998,0.25772031644980115,0.4908
2113,0.0031034498563304474,2113,0.0002947861820367897,0.999,0.2585345658518019,0.4952
2114,0.0031019253883518686,2114,0.00009379483671658644,1.0,0.25791473800227754,0.4947
2115,0.003100400682742679,2115,0.0001726722254412986,0.999,0.253511795543489,0.4971
2116,0.0030988757401048087,2116,0.00008878932417896326,0.999,0.24582610499291194,0.4989
2117,0.003097350561040281,2117,0.000049239991615953237,1.0,0.2436765350046612,0.5014
2118,0.0030958251461512113,2118,0.000027897507888632217,1.0,0.2450122003044401,0.5013
2119,0.00309429949603981,2119,0.000025562928504725624,1.0,0.244582974201157,0.5004
2120,0.0030927736113083803,2120,0.000049981079395625526,0.999,0.24511223818574632,0.5022
2121,0.0030912474925593163,2121,0.000015269966102745718,1.0,0.24529964001405807,0.5035
2122,0.003089721140395106,2122,0.000019471129159380023,1.0,0.24569498712108248,0.5032
2123,0.0030881945554183275,2123,0.00024224464596045436,0.998,0.24449816204252697,0.496
2124,0.003086667738231655,2124,0.00083741718712883,0.997,0.2498231277579353,0.4834
2125,0.0030851406894378507,2125,0.00013019922438875904,0.999,0.2769087632497152,0.4717
2126,0.003083613409639768,2126,0.0010065677736184582,0.993,0.2632075898704075,0.4691
2127,0.0030820858994403543,2127,0.001071658755834159,0.993,0.26709544516745065,0.4756
2128,0.0030805581594426455,2128,0.00043742043237129805,0.998,0.277823775722867,0.481
2129,0.0030790301902497703,2129,0.0004557030642033732,0.997,0.26844589866343,0.4894
2130,0.0030775019924649456,2130,0.0005681162826173628,0.996,0.27379844046774365,0.4856
2131,0.0030759735666914807,2131,0.00023511993415359895,0.999,0.28424288176354906,0.476
2132,0.003074444913532773,2132,0.0007221265343451662,0.996,0.2712114757015592,0.4861
2133,0.003072916033592311,2133,0.00018360635953112726,0.999,0.28380863751683916,0.4766
2134,0.0030713869274736714,2134,0.0004422934088368146,0.997,0.27499861050219765,0.4875
2135,0.003069857595780522,2135,0.0006725074997250756,0.996,0.2663991337730771,0.4896
2136,0.0030683280391166205,2136,0.00042249851546893337,0.997,0.27009643287885754,0.4783
2137,0.003066798258085808,2137,0.0003470294603695428,0.998,0.2701823844796135,0.4825
2138,0.0030652682532920188,2138,0.0005875961367218267,0.996,0.26826510982854024,0.4877
2139,0.003063738025339277,2139,0.00017891467143185547,0.998,0.26654947712307886,0.4873
2140,0.00306220757483169,2140,0.00031125634701484594,0.996,0.25191457881813956,0.4934
2141,0.0030606769023734564,2141,0.00013949409975837278,1.0,0.2510995010534922,0.4918
2142,0.003059146008568861,2142,0.000266697743167502,0.998,0.25937208959034513,0.4922
2143,0.003057614894022276,2143,0.0006710433215500546,0.997,0.2608582781893866,0.4925
2144,0.0030560835593381633,2144,0.0004427439518968597,0.998,0.2646612715153467,0.4891
2145,0.003054552005121066,2145,0.00013133261960060087,1.0,0.2616424316451663,0.4938
2146,0.0030530202319756206,2146,0.0005459395220636257,0.995,0.2591322385129474,0.4952
2147,0.003051488240506546,2147,0.00023739678380523053,0.998,0.25717640490758986,0.4919
2148,0.0030499560313186477,2148,0.00013087473087666912,0.999,0.25209902695247105,0.4917
2149,0.0030484236050168177,2149,0.00032768951911878375,0.998,0.24757730265458425,0.5021
2150,0.0030468909622060345,2150,0.00011969598071594927,1.0,0.24895549998396918,0.5022
2151,0.0030453581034913598,2151,0.00015307488077572393,0.999,0.24783070598329818,0.505
2152,0.0030438250294779422,2152,0.00006631493150572558,0.999,0.24655106862386067,0.5064
2153,0.0030422917407710165,2153,0.0001714641729384831,0.998,0.24892588130065374,0.5053
2154,0.0030407582379758983,2154,0.000031209083480072355,1.0,0.25115003685156506,0.5017
2155,0.0030392245216979935,2155,0.00013470182637406869,0.998,0.2551168209030515,0.5011
2156,0.0030376905925427865,2156,0.00010537546517125087,0.999,0.2602701290732338,0.4934
2157,0.0030361564511158486,2157,0.00008341111390022671,0.999,0.261666025859969,0.4937
2158,0.0030346220980228358,2158,0.000013435592769556457,1.0,0.25773514565967376,0.4972
2159,0.003033087533869485,2159,0.00005658738397566291,1.0,0.25206933319568636,0.503
2160,0.003031552759261618,2160,0.00018706192493244176,0.998,0.25010172100294203,0.5057
2161,0.00303001777480514,2161,0.000014544828857088716,1.0,0.2528764124427523,0.5028
2162,0.0030284825811060373,2162,0.00013354362731444693,0.998,0.2459412340606962,0.5095
2163,0.003026947178770383,2163,0.00004164175618912157,1.0,0.24273320748692467,0.5109
2164,0.003025411568404327,2164,8.227526536973615e-6,1.0,0.24279749350888388,0.5132
2165,0.003023875750614104,2165,0.00002474805600762747,1.0,0.24139938411258516,0.514
2166,0.003022339726006032,2166,0.00002937929734582126,1.0,0.2426451292775926,0.5156
2167,0.003020803495186509,2167,0.000036987425552243146,1.0,0.2447291763055892,0.5145
2168,0.003019267058762013,2168,0.00004020584617592249,0.999,0.25160478098051886,0.5087
2169,0.003017730417339106,2169,0.000154093035597552,0.999,0.25322899790037245,0.5099
2170,0.0030161935715244293,2170,0.00011532824951895495,0.999,0.251570900565102,0.5095
2171,0.0030146565219247063,2171,7.0659188265511015e-6,1.0,0.25087754868325735,0.5082
2172,0.003013119269146738,2172,0.00018433307116624964,0.999,0.2508067202000391,0.5076
2173,0.003011581813797409,2173,0.00003221767654048606,1.0,0.2534394586370105,0.5057
2174,0.0030100441564836823,2174,0.00013948083939058486,0.998,0.25487418529533207,0.5047
2175,0.0030085062978126,2175,7.342122428001728e-6,1.0,0.25514686561766126,0.5018
2176,0.0030069682383912833,2176,0.00033384095232100836,0.999,0.257815272467477,0.4961
2177,0.0030054299788269357,2177,0.0005293092307987362,0.998,0.26073215490295776,0.4945
2178,0.0030038915197268382,2178,0.0001473909956292205,0.999,0.25591165253094267,0.5016
2179,0.0030023528616983475,2179,0.000024587143451797255,1.0,0.2561692788487389,0.5021
2180,0.003000814005348903,2180,0.000044770304222246136,1.0,0.2557547058377947,0.5063
2181,0.0029992749512860197,2181,0.00003649137943284586,1.0,0.2553183419363839,0.5088
2182,0.002997735700117294,2182,0.000012955159425993251,1.0,0.25219099351337976,0.5103
2183,0.002996196252450396,2183,0.00001838633559037546,1.0,0.24971640847978138,0.5107
2184,0.002994656608893075,2184,0.00005749739390618439,1.0,0.24873200058937073,0.5101
2185,0.0029931167700531594,2185,0.000013267388978766532,1.0,0.24962767050379797,0.5084
2186,0.002991576736538553,2186,0.00002576661632875108,1.0,0.24789749199435823,0.507
2187,0.0029900365089572355,2187,0.000019209519764661397,1.0,0.24847739679472788,0.5093
2188,0.0029884960879172644,2188,0.000017863222378114836,1.0,0.24696094422113327,0.5114
2189,0.0029869554740267748,2189,3.161695596125875e-6,1.0,0.24628249605496724,0.5117
2190,0.0029854146678939754,2190,0.000022083833457708396,1.0,0.24680550822189876,0.5116
2191,0.0029838736701271536,2191,5.157793073825208e-6,1.0,0.247516030782745,0.5094
2192,0.0029823324813346686,2192,6.526978712004382e-6,1.0,0.2485848191238585,0.5085
2193,0.0029807911021249595,2193,0.000018057604642135195,1.0,0.24757860473224094,0.5102
2194,0.0029792495331065374,2194,9.112740144701093e-6,1.0,0.2492158912477039,0.5121
2195,0.0029777077748879897,2195,0.000048895412898478495,1.0,0.2519832954520271,0.5124
2196,0.002976165828077977,2196,0.00005525712770988667,0.999,0.2503692490713937,0.5116
2197,0.0029746236932852374,2197,0.00003498816427270954,1.0,0.24709945448807308,0.5128
2198,0.0029730813711185797,2198,6.587105417565908e-6,1.0,0.249193573707626,0.5103
2199,0.0029715388621868893,2199,7.296037822578953e-6,1.0,0.2504845998116902,0.5097
2200,0.0029699961670991235,2200,0.000011642730209175733,1.0,0.25095249258336566,0.5084
2201,0.0029684532864643147,2201,0.00012626454889912218,0.999,0.24937568505605062,0.5049
2202,0.002966910220891567,2202,0.000029785658544564546,1.0,0.2557096867334275,0.5009
2203,0.002965366970990058,2203,0.0001490341947568855,0.998,0.2542983032408215,0.5007
2204,0.002963823537369039,2204,0.000030516785706086446,1.0,0.25631581019787564,0.5017
2205,0.002962279920637834,2205,4.058442257138224e-6,1.0,0.2588135206983203,0.5019
2206,0.002960736121405836,2206,0.00006321680718558907,0.999,0.25527075245266867,0.5073
2207,0.002959192140282514,2207,0.000022050661906784324,1.0,0.25895973827157703,0.509
2208,0.0029576479778774083,2208,0.00017555712855980908,0.998,0.2551018485001155,0.5096
2209,0.0029561036348001286,2209,0.000019920225289145794,1.0,0.2550798487095606,0.5055
2210,0.0029545591116603566,2210,0.00009878833933336344,0.999,0.2536215468531563,0.5086
2211,0.0029530144090678463,2211,5.920982771169206e-6,1.0,0.25691139485154835,0.5141
2212,0.0029514695276324217,2212,0.00022257214047948808,0.997,0.25675668645472755,0.5139
2213,0.0029499244679639784,2213,0.00002275497280650251,1.0,0.26025402815569015,0.4991
2214,0.002948379230672479,2214,0.000874507279193148,0.996,0.2702498224519548,0.4969
2215,0.0029468338163679605,2215,0.00046278982110726206,0.999,0.2633553426890146,0.4968
2216,0.002945288225660528,2216,0.0002229054220411594,0.998,0.2590154019140062,0.5001
2217,0.002943742459160357,2217,0.0002442310710865145,0.998,0.25778571934927075,0.4964
2218,0.00294219651747769,2218,0.00009260079994939068,1.0,0.2619177473442895,0.4942
2219,0.002940650401222841,2219,0.00004555118722410476,1.0,0.2629932748419898,0.4989
2220,0.002939104111006192,2220,0.00008422814004829671,0.999,0.2621083818730854,0.4973
2221,0.002937557647438194,2221,0.00018747988551261923,0.998,0.2663686623175939,0.49
2222,0.002936011011129366,2222,0.00007992778886372911,0.999,0.2656497657299042,0.4926
2223,0.0029344642026902963,2223,0.000987471721698187,0.995,0.25976587235927584,0.4963
2224,0.002932917222731641,2224,0.000628729081979275,0.997,0.27200872486545924,0.4843
2225,0.0029313700718641205,2225,0.000594972573231817,0.997,0.27677501809029353,0.4849
2226,0.0029298227506985275,2226,0.0006020009365047805,0.996,0.27697281794888634,0.4904
2227,0.00292827525984572,2227,0.0007386747823884001,0.997,0.2763250170719056,0.4908
2228,0.0029267275999166234,2228,0.00043855297198682646,0.998,0.2762216248682567,0.4896
2229,0.0029251797715222267,2229,0.0009766245022460463,0.994,0.2733252687113626,0.4814
2230,0.002923631775273591,2230,0.0003724709756733362,0.998,0.27284297120003476,0.4793
2231,0.0029220836117818385,2231,0.000315305950997364,0.998,0.26780298096793037,0.4826
2232,0.0029205352816581618,2232,0.0003653346807585054,0.997,0.2752079010009766,0.4791
2233,0.002918986785513815,2233,0.0001811815794618659,0.999,0.28756874941644217,0.4762
2234,0.002917438123960121,2234,0.000239800200515241,0.999,0.2860241112254915,0.4806
2235,0.002915889297608466,2235,0.00006664678728286942,1.0,0.27909041217395236,0.4824
2236,0.0029143403070703033,2236,0.0007596742088285932,0.997,0.27763097342990695,0.4802
2237,0.0029127911529571483,2237,0.0001915132950324776,0.998,0.2754153087025597,0.4798
2238,0.002911241835880585,2238,0.0003738235346169122,0.999,0.2696789302996227,0.4772
2239,0.0029096923564522568,2239,0.00011636792563270622,0.999,0.2708449609222866,0.4776
2240,0.002908142715283875,2240,0.00039015027821386907,0.997,0.2702809711297353,0.4836
2241,0.002906592912987213,2241,0.0003742639766555623,0.998,0.26743580131303696,0.4929
2242,0.0029050429501741074,2242,0.0001929475128279245,0.999,0.26137221256891885,0.495
2243,0.0029034928274564607,2243,0.00011785922846943972,0.998,0.2551530493157251,0.4931
2244,0.0029019425454462353,2244,0.00011521091601891731,0.999,0.2522472912356967,0.4971
2245,0.0029003921047554577,2245,0.00039942820772661695,0.999,0.253336339479401,0.499
2246,0.002898841505996219,2246,0.000016339570114117425,1.0,0.2537838163829985,0.4959
2247,0.00289729074978067,2247,0.0002732326512549272,0.998,0.2552154384908222,0.4858
2248,0.002895739836721025,2248,0.00037552961276517073,0.998,0.2587146134603591,0.4865
2249,0.0028941887674295602,2249,0.00029894819564495786,0.999,0.2646530956029892,0.4856
2250,0.0028926375425186116,2250,0.00013189494648897728,0.999,0.27054134195759183,0.4828
2251,0.0028910861626005803,2251,0.00023399460172056154,0.999,0.2703024570431028,0.4831
2252,0.002889534628287925,2252,0.000038464813769678585,1.0,0.2655642637184688,0.4841
2253,0.002887982940193168,2253,0.00002131772920880134,1.0,0.2617830973295938,0.485
2254,0.0028864310989288908,2254,0.00004166388403280594,1.0,0.2610874444246292,0.4861
2255,0.002884879105107736,2255,0.0001749572755302541,0.999,0.25904113621938796,0.4917
2256,0.002883326959342405,2256,0.00005861845656476189,1.0,0.25681397233690534,0.496
2257,0.0028817746622456612,2257,9.707896064507318e-6,1.0,0.253376219528062,0.4972
2258,0.002880222214430327,2258,0.00005847984057471054,0.999,0.25115957529771893,0.4996
2259,0.0028786696165092845,2259,0.00002061240814197975,1.0,0.25144801977134884,0.4998
2260,0.0028771168690954743,2260,0.000019226408637353287,1.0,0.25146764843236835,0.4994
2261,0.0028755639728018966,2261,0.00004462740597383734,1.0,0.25128813896860397,0.5005
2262,0.0028740109282416096,2262,0.00006305103239529195,0.999,0.25700002369426544,0.5027
2263,0.0028724577360277324,2263,8.552062765721486e-6,1.0,0.26243195434411365,0.5003
2264,0.002870904396773439,2264,0.00001337868326074732,1.0,0.2635705079351153,0.5001
2265,0.002869350911091963,2265,7.40107229614209e-6,1.0,0.26398113199642725,0.5014
2266,0.0028677972795965972,2266,0.000017725041440523153,1.0,0.2629520018895467,0.5005
2267,0.002866243502900691,2267,5.019893814321785e-6,1.0,0.25956497419448127,0.5028
2268,0.0028646895816176496,2268,0.0000615207557833249,0.999,0.2576895009903681,0.5025
2269,0.002863135516360936,2269,0.00013000380485685863,0.999,0.25262501466841925,0.5022
2270,0.0028615813077440726,2270,0.000011998698147137821,1.0,0.25143074620337713,0.5011
2271,0.002860026956380635,2271,0.00013335027939493082,0.999,0.252420749550774,0.5004
2272,0.002858472462884257,2272,3.4618017036250205e-6,1.0,0.2517681001197724,0.5001
2273,0.0028569178278686266,2273,3.1079441804476596e-6,1.0,0.2534735444046202,0.4995
2274,0.0028553630519474915,2274,0.000034041126950580204,1.0,0.25137296262241543,0.5018
2275,0.0028538081357346507,2275,6.1384707372607885e-6,1.0,0.2508531481027603,0.503
2276,0.002852253079843961,2276,8.42781779889871e-6,1.0,0.24997944335142772,0.504
2277,0.0028506978848893342,2277,0.000011132450622209858,1.0,0.250422669450442,0.5034
2278,0.0028491425514847366,2278,0.00002604319841533912,1.0,0.2499012013276418,0.5041
2279,0.0028475870802441893,2279,0.00013457163035603852,0.999,0.2526651514428003,0.5054
2280,0.002846031471781767,2280,0.0002266863409550708,0.998,0.2599223031884148,0.4935
2281,0.0028444757267115993,2281,0.00004873808285039905,1.0,0.26066699425379436,0.4944
2282,0.0028429198456478713,2282,0.00004362357000380663,1.0,0.25826650659243267,0.4981
2283,0.002841363829204818,2283,0.000026816229365067557,1.0,0.2555211353869665,0.4987
2284,0.002839807677996731,2284,0.000060750979888065816,0.999,0.2529065403200331,0.4997
2285,0.0028382513926379547,2285,0.000031114899538157,1.0,0.25293521341823394,0.501
2286,0.0028366949737428857,2286,0.000028087464713843518,1.0,0.2519370063429787,0.5006
2287,0.002835138421925973,2287,3.433962709615506e-6,1.0,0.2510948936144511,0.5011
2288,0.0028335817378017185,2288,0.0000439954194949418,0.999,0.2517274349927902,0.5037
2289,0.0028320249219846777,2289,9.684714979942197e-6,1.0,0.2513111523219517,0.5027
2290,0.0028304679750894555,2290,0.00008646850309224603,0.999,0.2525521677164804,0.5014
2291,0.00282891089773071,2291,9.21927010365055e-6,1.0,0.2550705099389667,0.5002
2292,0.0028273536905231516,2292,0.000059462805709353274,0.999,0.25508113631180357,0.5015
2293,0.0028257963540815403,2293,0.000012700992014981152,1.0,0.25332517737434024,0.5013
2294,0.002824238889020688,2294,0.000012651619412974382,1.0,0.2537146830842609,0.5018
2295,0.002822681295955457,2295,0.00006697987789396263,0.999,0.2548576458579018,0.5007
2296,0.002821123575500761,2296,4.562875152000093e-6,1.0,0.25696869378998166,0.5016
2297,0.002819565728271563,2297,0.00002797550290064724,1.0,0.2535966197649638,0.5014
2298,0.002818007754882876,2298,0.0001492405841834928,0.999,0.2531354641630536,0.5029
2299,0.0028164496559497636,2299,7.07892630608902e-6,1.0,0.25683922072251636,0.4984
2300,0.0028148914320873385,2300,0.000051763279115913886,0.999,0.25855649539402553,0.4963
2301,0.0028133330839107645,2301,5.5005361954976075e-6,1.0,0.2606876584745589,0.4947
2302,0.00281177461203525,2302,0.00044869216231918906,0.998,0.2617277406510853,0.4979
2303,0.002810216017076056,2303,8.911128577979288e-6,1.0,0.2696585544518062,0.4948
2304,0.0028086572996484918,2304,0.0007149768960170192,0.998,0.26285084571157186,0.5001
2305,0.002807098460367914,2305,0.00022918279044114613,0.998,0.2676879950932094,0.4941
2306,0.002805539499849727,2306,0.00013043870638371335,0.999,0.26780182179950535,0.4905
2307,0.0028039804187093846,2307,0.00031339850890314364,0.997,0.2557948143709274,0.4949
2308,0.0028024212175623868,2308,0.000052707289071241535,0.999,0.25307359042621796,0.4983
2309,0.0028008618970242817,2309,0.00010489479698316288,0.999,0.253161322360947,0.4952
2310,0.0027993024577106645,2310,0.00008133429021957757,0.999,0.25292128736064545,0.4962
2311,0.0027977429002371775,2311,0.00009777126461769859,0.999,0.25672785739103954,0.49
2312,0.0027961832252195087,2312,0.000029667207708631133,1.0,0.2592864526169641,0.4892
2313,0.002794623433273393,2313,0.00015325078317930872,0.999,0.2631051692224684,0.49
2314,0.002793063525014612,2314,0.0001267359251046617,0.999,0.26078103723980134,0.4856
2315,0.002791503501058992,2315,7.77841944184166e-6,1.0,0.26044634750911166,0.4848
2316,0.002789943362022407,2316,0.00010355190432251437,0.998,0.26151425653979893,0.4908
2317,0.0027883831085207733,2317,0.000038755256550107985,1.0,0.26382128000259397,0.4916
2318,0.0027868227411700563,2318,0.00025488460822825366,0.999,0.26254052789438337,0.4929
2319,0.0027852622605862637,2319,0.0001427260213490843,0.999,0.26829398728552317,0.4957
2320,0.002783701667385448,2320,0.00002989543020790041,1.0,0.2714780099335171,0.4896
2321,0.002782140962183707,2321,0.00016629792222981146,0.998,0.26773616983777,0.4884
2322,0.0027805801455971823,2322,0.00017340585604653738,0.999,0.27900177325521197,0.4804
2323,0.0027790192182420605,2323,0.00006966806584040612,0.999,0.26483604652541026,0.4974
2324,0.0027774581807345692,2324,0.0007006861058882697,0.998,0.254970045316787,0.494
2325,0.002775897033690982,2325,0.0004256703982502499,0.997,0.27908837766874406,0.4711
2326,0.002774335777727616,2326,0.00035962525483531255,0.998,0.27269234969502404,0.4763
2327,0.002772774413460829,2327,0.00036096688979471637,0.997,0.26687913962772913,0.4879
2328,0.002771212941507024,2328,0.00019668186585130614,0.998,0.2712910867872692,0.4834
2329,0.002769651362482645,2329,0.00005925428244847266,1.0,0.2801935496784392,0.4781
2330,0.002768089677004178,2330,0.0002786995613686962,0.998,0.277462955173992,0.4801
2331,0.0027665278856881526,2331,0.00021880001614114181,0.999,0.26708478587014334,0.4924
2332,0.002764965989151139,2332,0.00020198016590083646,0.998,0.2657408021745228,0.4925
2333,0.002763403988009749,2333,0.00015680835007342032,0.998,0.26588286473637535,0.4928
2334,0.002761841882880636,2334,0.000024337845648655536,1.0,0.2675497150137311,0.494
2335,0.002760279674380494,2335,0.00002272725671337823,1.0,0.2668345141978491,0.4971
2336,0.002758717363126059,2336,0.000025282846070781706,1.0,0.26707149261520025,0.4963
2337,0.002757154949734107,2337,0.00003395971981219537,1.0,0.26856883338519505,0.4966
2338,0.002755592434821452,2338,0.00009360562012261653,1.0,0.2692396518729982,0.4952
2339,0.0027540298190049527,2339,0.000026013502130289063,1.0,0.27188960356371744,0.4965
2340,0.0027524671029015035,2340,6.868675600777524e-6,1.0,0.27479536277907235,0.4952
2341,0.00275090428712804,2341,0.000049915540027238116,1.0,0.2732032106036232,0.4929
2342,0.0027493413723015375,2342,5.504600321295411e-6,1.0,0.27250257758867175,0.4945
2343,0.0027477783590390105,2343,0.000015236070540579152,1.0,0.2707197633527574,0.4952
2344,0.002746215247957511,2344,9.499750409044541e-6,1.0,0.2700679577532269,0.4949
2345,0.002744652039674132,2345,8.357638756977048e-6,1.0,0.26951952335380375,0.4955
2346,0.002743088734806001,2346,5.301969108153398e-6,1.0,0.26961944699287416,0.4955
2347,0.0027415253339702875,2347,4.009378263466108e-6,1.0,0.2688286278929029,0.4957
2348,0.002739961837784198,2348,0.000026068083175665552,1.0,0.26939974115008397,0.4959
2349,0.0027383982468649737,2349,0.00001936337864229981,1.0,0.26912569204966225,0.4964
2350,0.0027368345618298978,2350,7.309525428700865e-6,1.0,0.26889221398603347,0.4967
2351,0.0027352707832962882,2351,4.348002027838793e-6,1.0,0.2688100450095676,0.4959
2352,0.0027337069118814985,2352,1.7946840563083589e-6,1.0,0.2695321656408764,0.4968
2353,0.002732142948202921,2353,0.00004446343079745843,0.999,0.2694671882050378,0.4975
2354,0.002730578892877985,2354,2.9381397006372503e-6,1.0,0.26811100201947347,0.4971
2355,0.0027290147465241534,2355,3.2094842698002356e-6,1.0,0.2668892128126962,0.4973
2356,0.002727450509758927,2356,0.000010005562702850684,1.0,0.26686513083321706,0.4985
2357,0.0027258861831998406,2357,0.00008586997662297065,0.999,0.2679811639445169,0.499
2358,0.002724321767464467,2358,2.48645468405227e-6,1.0,0.27178287208080293,0.5001
2359,0.0027227572631704127,2359,0.000019268262757945887,1.0,0.27055118396168665,0.5011
2360,0.002721192670935318,2360,0.000012605232319358384,1.0,0.268975796018328,0.501
2361,0.0027196279913768596,2361,3.5767604832212134e-6,1.0,0.2659099957772664,0.5006
2362,0.0027180632251127494,2362,3.175246834394957e-6,1.0,0.2653141460248402,0.501
2363,0.0027164983727607306,2363,4.4018522170777686e-6,1.0,0.2658739307097026,0.5009
2364,0.0027149334349385826,2364,6.29561029762997e-6,1.0,0.2651870561497552,0.5008
2365,0.0027133684122641194,2365,2.7619196560278525e-6,1.0,0.26467512987908864,0.5006
2366,0.0027118033053551856,2366,7.694095030176737e-6,1.0,0.2631048518986929,0.501
2367,0.0027102381148296616,2367,0.000021470730522261355,1.0,0.26378252946195146,0.5007
2368,0.002708672841305459,2368,8.586264437142399e-6,1.0,0.2619619940008436,0.5016
2369,0.002707107485400523,2369,2.1587003754488944e-6,1.0,0.26318439500672475,0.5016
2370,0.002705542047732833,2370,2.4742893851041682e-6,1.0,0.26313455402851105,0.5012
2371,0.0027039765289203965,2371,3.0823678657941943e-6,1.0,0.26351024423326763,0.5012
2372,0.0027024109295812563,2372,0.000014636751941344256,1.0,0.2639951853525071,0.5017
2373,0.0027008452503334878,2373,0.000011930927828849408,1.0,0.26518696064040775,0.5019
2374,0.002699279491795195,2374,1.0433080779832727e-6,1.0,0.26355766455332436,0.5022
2375,0.0026977136545845142,2375,3.6113842495091204e-6,1.0,0.26414906467710225,0.5014
2376,0.0026961477393196145,2376,3.734285594906136e-6,1.0,0.2647233041979018,0.5018
2377,0.0026945817466186932,2377,4.7111020743765647e-7,1.0,0.2639161515803564,0.5037
2378,0.0026930156770999807,2378,5.697460516157229e-6,1.0,0.26400335473673686,0.5037
2379,0.002691449531381735,2379,5.299500409299591e-7,1.0,0.2639621504715511,0.5035
2380,0.002689883310082246,2380,7.792388195022275e-7,1.0,0.26512339867296675,0.5027
2381,0.002688317013819834,2381,1.158141821005778e-6,1.0,0.26388168789091565,0.5034
2382,0.002686750643212847,2382,6.490367097523544e-6,1.0,0.26338652287210734,0.5025
2383,0.0026851841988796634,2383,1.472265435067822e-6,1.0,0.2636907568999699,0.5023
2384,0.0026836176814386908,2384,2.5261440407846404e-6,1.0,0.2632125309535435,0.5022
2385,0.002682051091508366,2385,6.829134899059378e-7,1.0,0.26464535750093915,0.503
2386,0.002680484429707153,2386,0.000011188750666709288,1.0,0.2633233744473684,0.5028
2387,0.002678917696653546,2387,0.000023906818739760638,1.0,0.2667222900050027,0.4996
2388,0.0026773508929660655,2388,2.0748735115224313e-6,1.0,0.2682425490447453,0.4972
2389,0.002675784019263262,2389,9.55864514651239e-6,1.0,0.2689909746249517,0.4986
2390,0.00267421707616371,2390,3.7952304437350816e-6,1.0,0.2673057607242039,0.4995
2391,0.002672650064286016,2391,8.022528163564857e-6,1.0,0.26600206976845153,0.4993
2392,0.0026710829842488113,2392,8.413365976810469e-7,1.0,0.265010784921192,0.5004
2393,0.002669515836670754,2393,5.736698626822631e-7,1.0,0.2647562330677396,0.5003
2394,0.0026679486221705285,2394,3.044347051530037e-6,1.0,0.26509857376416524,0.4993
2395,0.002666381341366847,2395,2.3292091127370352e-6,1.0,0.264702079977308,0.4996
2396,0.002664813994878446,2396,1.1864576257331855e-6,1.0,0.2652887216636113,0.4997
2397,0.0026632465833240906,2397,2.317110246827897e-6,1.0,0.2660860674721854,0.5001
2398,0.00266167910732257,2398,1.1708683505925625e-6,1.0,0.26378395202614013,0.5001
2399,0.002660111567492697,2399,1.763255968831973e-6,1.0,0.26459745097728005,0.5003
2400,0.002658543964453314,2400,9.012360852098243e-7,1.0,0.26445736629622324,0.5
2401,0.0026569762988232844,2401,7.097516113877386e-7,1.0,0.264377650760469,0.5011
2402,0.0026554085712214978,2402,1.4079785146458606e-6,1.0,0.26460304175104415,0.5011
2403,0.002653840782266869,2403,2.2072679609577574e-6,1.0,0.26444785339491705,0.5003
2404,0.002652272932578336,2404,1.0094948866675883e-6,1.0,0.2642985519908723,0.5012
2405,0.00265070502277486,2405,3.0157518573386846e-6,1.0,0.2635044824509394,0.5007
2406,0.002649137053475428,2406,7.594130787917189e-7,1.0,0.263487582547324,0.5018
2407,0.0026475690252990487,2407,6.6455465953043e-6,1.0,0.26543941668101717,0.5015
2408,0.0026460009388647554,2408,1.2518367958320942e-6,1.0,0.26312407510621205,0.5025
2409,0.002644432794791604,2409,0.00007416772461965593,0.998,0.2691080954812822,0.4997
2410,0.0026428645936986722,2410,2.3975271674425174e-6,1.0,0.2679425923597245,0.5009
2411,0.0026412963362050625,2411,2.690758616977075e-6,1.0,0.2678104490041733,0.5021
2412,0.002639728022929896,2412,0.00006850693362382896,0.999,0.26683217670236314,0.5017
2413,0.0026381596544923186,2413,0.0000334754775014376,1.0,0.26696357954116096,0.4976
2414,0.002636591231511498,2414,0.00003886284811539467,0.999,0.2686169045312064,0.4974
2415,0.0026350227546066223,2415,0.00003441565062140788,1.0,0.26939210366635097,0.4959
2416,0.0026334542243969016,2416,0.0003515643177955835,0.999,0.27703033827600027,0.497
2417,0.002631885641501567,2417,0.00013378886416960865,0.999,0.27993190714291166,0.4975
2418,0.002630317006539869,2418,0.000010948023015901396,1.0,0.2885202325525738,0.4989
2419,0.0026287483201310807,2419,0.00001545082454867952,1.0,0.287466980162121,0.4993
2420,0.002627179582894496,2420,0.000058104301734558595,1.0,0.28352027109691075,0.4991
2421,0.0026256107954494247,2421,0.00004065906785486039,0.999,0.2756705451579321,0.5004
2422,0.002624041958415201,2422,0.0002573636194933031,0.999,0.2721681975183033,0.4943
2423,0.002622473072411176,2423,0.000049960116971955616,1.0,0.2741202859651475,0.4914
2424,0.002620904138056723,2424,0.00007350545759739664,0.999,0.2723263831365676,0.4967
2425,0.0026193351559712303,2425,0.00020628531547117746,0.999,0.27304288971991764,0.4917
2426,0.002617766126774107,2426,0.00011449090258489984,0.999,0.27869760110264735,0.4844
2427,0.0026161970510847833,2427,0.00019067651716059552,0.997,0.2831391345886957,0.4807
2428,0.0026146279295227036,2428,0.00044150354681603076,0.997,0.2879528088229043,0.4824
2429,0.002613058762707332,2429,0.0009496513491415369,0.996,0.2856535119669778,0.4878
2430,0.002611489551258152,2430,0.0003445558678279104,0.999,0.27890022070634934,0.49
2431,0.002609920295794663,2431,0.00021455225125810968,0.999,0.2747310292153131,0.4909
2432,0.0026083509969363813,2432,0.0003414188279618559,0.996,0.28405397477604094,0.4837
2433,0.002606781655302843,2433,0.0000609697263782783,1.0,0.2845697881210418,0.4843
2434,0.0026052122715135976,2434,0.00019986193339199026,0.998,0.276275258404868,0.4881
2435,0.002603642846188214,2435,0.0000966623422841838,0.999,0.27017715715226676,0.4956
2436,0.0026020733799462757,2436,0.00020880635374743135,0.998,0.27447385844730193,0.4967
2437,0.0026005038734073834,2437,0.00012106269040097166,0.999,0.2801875281901587,0.4927
2438,0.0025989343271911533,2438,0.000916474231871689,0.998,0.28971712646030245,0.4791
2439,0.0025973647419172195,2439,0.0005402930465130513,0.996,0.3035340944925944,0.4686
2440,0.0025957951182052257,2440,0.0003856139869423627,0.994,0.2948801591282799,0.4719
2441,0.0025942254566748368,2441,0.0006583052805754484,0.997,0.2823228526683081,0.4806
2442,0.0025926557579457297,2442,0.00008981395608099687,1.0,0.2908199877966018,0.4776
2443,0.0025910860226375978,2443,0.0007222530427194821,0.995,0.284830713839758,0.4738
2444,0.0025895162513701457,2444,0.00017829977904122124,0.999,0.2841225167115529,0.4674
2445,0.0025879464447630955,2445,0.0002664441774305444,0.998,0.28518703494753156,0.4752
2446,0.0025863766034361817,2446,0.00005732485676292397,1.0,0.27989288767178855,0.4861
2447,0.0025848067280091532,2447,0.000143163751761763,0.998,0.2772823126543136,0.4831
2448,0.0025832368191017704,2448,0.0005737565291903073,0.995,0.28865203516823906,0.4728
2449,0.00258166687733381,2449,0.00013545859630020068,0.998,0.30016678259486246,0.4688
2450,0.0025800969033250606,2450,0.0002661232751311867,0.997,0.2965269639378502,0.4745
2451,0.0025785268976953215,2451,0.0001424875393976912,0.999,0.2950240521203904,0.4761
2452,0.002576956861064407,2452,0.00042627193605377603,0.998,0.29352425053006126,0.476
2453,0.0025753867940521424,2453,0.0005617051750353615,0.997,0.3004014108862196,0.4744
2454,0.002573816697278366,2454,0.00034791223619582264,0.996,0.2994605651923588,0.478
2455,0.0025722465713629255,2455,0.0008053843634375621,0.994,0.2990557622341883,0.4787
2456,0.002570676416925684,2456,0.00011089137548142822,1.0,0.30042562200909567,0.4766
2457,0.0025691062345865115,2457,0.00113931907236249,0.996,0.28936478665896825,0.4887
2458,0.0025675360249652933,2458,0.00014950455707072425,0.998,0.2862637622015817,0.48
2459,0.002565965788681921,2459,0.00018263381413080858,0.999,0.2913134782087235,0.4759
2460,0.0025643955263562994,2460,0.00005250859569406159,1.0,0.29397884209950764,0.4745
2461,0.002562825238608345,2461,0.00014961621928662118,0.999,0.2866676674002693,0.4808
2462,0.002561254926057981,2462,0.0002587465331609045,0.998,0.28545773596990676,0.4884
2463,0.0025596845893251416,2463,0.00028258572244036867,0.999,0.29121624600319634,0.491
2464,0.0025581142290297724,2464,0.00019026428665148116,0.999,0.2889728713603247,0.4896
2465,0.002556543845791825,2465,0.00005450439792704336,1.0,0.2898444476581755,0.4868
2466,0.0025549734402312636,2466,0.000604690621068065,0.996,0.2842258806739535,0.4918
2467,0.0025534030129680586,2467,0.00011219949461909502,0.999,0.285406159786951,0.4887
2468,0.0025518325646221893,2468,0.00022514578904520022,0.999,0.2786919454733531,0.4893
2469,0.0025502620958136445,2469,0.00028934473866251036,0.999,0.28072253536610375,0.4913
2470,0.002548691607162421,2470,0.00022695149484553396,0.997,0.273507869101706,0.4946
2471,0.0025471210992885213,2471,0.0002194229767892033,0.996,0.27944594408784595,0.4877
2472,0.002545550572811958,2472,0.00017850239347743418,0.999,0.28238610682033355,0.4862
2473,0.00254398002835275,2473,0.00002761312681459891,1.0,0.28076274139540536,0.487
2474,0.002542409466530923,2474,0.00020698963734979597,0.999,0.275184809026264,0.4897
2475,0.002540838887966511,2475,0.00003786945985883081,1.0,0.2746543214434669,0.4919
2476,0.0025392682932795525,2476,0.00003363814809225525,1.0,0.27373943016642616,0.4931
2477,0.0025376976830900934,2477,0.000027239029653477093,1.0,0.2737321819577898,0.4947
2478,0.0025361270580181866,2478,0.000053229887985902936,1.0,0.2735236403487977,0.4956
2479,0.0025345564186838886,2479,0.0002578298832044571,0.999,0.2720504556383405,0.4894
2480,0.0025329857657072647,2480,0.00005610253940955902,1.0,0.2777400077808471,0.4864
2481,0.002531415099708382,2481,0.00041742791004903017,0.998,0.2786669961043767,0.4866
2482,0.002529844421307316,2482,0.000050798456565341134,0.999,0.2719653348128001,0.4891
2483,0.0025282737311241453,2483,0.00002504079059560484,1.0,0.27317296805835906,0.4876
2484,0.0025267030297789527,2484,0.0003343030568343931,0.997,0.26865937993639993,0.4916
2485,0.0025251323178918273,2485,0.00036395308753916264,0.999,0.2698205568960735,0.4923
2486,0.002523561596082861,2486,0.000028459724489948712,1.0,0.2707774346783048,0.4924
2487,0.002521990864972149,2487,0.00014978550461819395,0.999,0.27044436931610105,0.4947
2488,0.002520420125179792,2488,0.00010118207787205133,0.999,0.2694928558099838,0.4962
2489,0.0025188493773258937,2489,0.00007147159270798078,1.0,0.2658022937320528,0.4987
2490,0.002517278622030559,2490,0.000021225234723672093,1.0,0.2665863340809232,0.4979
2491,0.002515707859913898,2491,0.00001036544826352578,1.0,0.2675947158109574,0.4975
2492,0.0025141370915960225,2492,0.00007136783708682786,0.999,0.27088838588623776,0.497
2493,0.002512566317697048,2493,0.00006288224601900896,0.999,0.27857420586404347,0.4887
2494,0.0025109955388370893,2494,0.0001367150628625712,0.999,0.2887354490302858,0.4814
2495,0.002509424755636266,2495,0.000039592843222635565,1.0,0.29047595773424423,0.4774
2496,0.0025078539687146987,2496,0.00004041224632428133,1.0,0.2820576806863149,0.4795
2497,0.0025062831786925098,2497,0.00020204322651179175,0.998,0.2734099280266535,0.4875
2498,0.00250471238618982,2498,0.000021152796437360977,1.0,0.2723126100642341,0.4886
2499,0.0025031415918267555,2499,0.00001722933455723597,1.0,0.2741828807762691,0.4883
2500,0.002501570796223441,2500,0.000040675528480061897,1.0,0.2762446175018946,0.4879
2501,0.0025,2501,3.6979702956939164e-6,1.0,0.2767424194585709,0.4882
2502,0.00249842920377656,2502,0.000013170250223906588,1.0,0.2773889340105511,0.4869
2503,0.002496858408173244,2503,0.000021967847804457312,1.0,0.2757881235508692,0.4867
2504,0.00249528761381018,2504,0.000019545535927872627,1.0,0.27453221423285346,0.4865
2505,0.002493716821307491,2505,5.86333954375039e-6,1.0,0.27352068779014405,0.4881
2506,0.002492146031285301,2506,7.319041291761355e-6,1.0,0.2761208781174251,0.4875
2507,0.0024905752443637338,2507,0.000013301224523079977,1.0,0.27722627066430594,0.4888
2508,0.0024890044611629116,2508,0.000020055305553580095,1.0,0.2771728166512081,0.4879
2509,0.0024874336823029527,2509,0.00021563068745644203,0.998,0.2738354806389127,0.4909
2510,0.0024858629084039776,2510,0.00002362479521945629,1.0,0.2739502638578415,0.4874
2511,0.002484292140086103,2511,0.000012122312909923494,1.0,0.2756378196534656,0.4854
2512,0.0024827213779694424,2512,0.000263513758327571,0.998,0.27948390188671296,0.4863
2513,0.0024811506226741077,2513,6.0039554152050796e-6,1.0,0.2833986540635427,0.4863
2514,0.002479579874820209,2514,0.00006019597685735789,1.0,0.28308941012337097,0.4865
2515,0.0024780091350278515,2515,0.000019385191827885656,1.0,0.2813925158409845,0.4834
2516,0.0024764384039171407,2516,0.00025309970632747536,0.999,0.2787919220470247,0.4841
2517,0.0024748676821081737,2517,0.000032071016072504356,1.0,0.2797591002214523,0.4827
2518,0.002473296970221048,2518,0.000010955566327062288,1.0,0.28414737213225594,0.4782
2519,0.0024717262688758557,2519,0.00003824871497012542,1.0,0.284273114942369,0.4788
2520,0.002470155578692685,2520,0.000011486220869084632,1.0,0.283836172024409,0.482
2521,0.0024685849002916184,2521,0.000018223169479911338,1.0,0.28253247283753896,0.4843
2522,0.0024670142342927363,2522,0.0002948255286290597,0.998,0.27778696417808535,0.4849
2523,0.0024654435813161123,2523,0.00017074759907673287,0.999,0.28391126876785644,0.4837
2524,0.0024638729419818152,2524,0.00007148278705028046,0.999,0.2856547562848954,0.4827
2525,0.0024623023169099076,2525,0.00004566130238951397,1.0,0.2844253619511922,0.4859
2526,0.0024607317067204485,2526,0.00006305413765923211,0.999,0.28223695244107927,0.4899
2527,0.0024591611120334906,2527,0.000012457015297210697,1.0,0.28025273510387966,0.4899
2528,0.002457590533469078,2528,0.00003653932425809866,1.0,0.2788668283394405,0.4888
2529,0.0024560199716472508,2529,0.0000996296277467731,0.999,0.27926887075106305,0.4926
2530,0.0024544494271880432,2530,0.00028881162850374106,0.999,0.2803719815753755,0.4918
2531,0.00245287890071148,2531,0.000012762813282409167,1.0,0.27986258836019606,0.4922
2532,0.0024513083928375803,2532,0.000011299344285881879,1.0,0.2802715907494227,0.4912
2533,0.0024497379041863564,2533,0.000013961373332178828,1.0,0.27990492951302304,0.492
2534,0.0024481674353778117,2534,0.0001235970788846836,0.998,0.27829852586700804,0.4932
2535,0.0024465969870319433,2535,3.2846184283352203e-6,1.0,0.28023523830232167,0.4925
2536,0.0024450265597687378,2536,6.814549481402667e-6,1.0,0.2815061881428673,0.4911
2537,0.002443456154208176,2537,0.000011749452731973656,1.0,0.28094805450666516,0.4922
2538,0.002441885770970229,2538,0.00001673401663857649,1.0,0.2810502563204084,0.4921
2539,0.0024403154106748593,2539,5.031787893693988e-6,1.0,0.27938001524834405,0.493
2540,0.0024387450739420205,2540,7.840778883811644e-6,1.0,0.2789920954477219,0.4945
2541,0.002437174761391656,2541,4.289935867789263e-6,1.0,0.27555181894983566,0.4943
2542,0.0024356044736437016,2542,9.714288246359934e-6,1.0,0.27787207748208725,0.496
2543,0.00243403421131808,2543,0.00010218813934719557,0.999,0.2803663902339481,0.498
2544,0.002432463975034708,2544,0.0007934606153913224,0.998,0.27882649316674185,0.4974
2545,0.0024308937654134886,2545,0.0000565947556251125,1.0,0.2791838100978306,0.4917
2546,0.002429323583074317,2546,7.800793604300929e-6,1.0,0.27909727295239767,0.4914
2547,0.0024277534286370746,2547,0.00003235255026300452,1.0,0.27698860140073867,0.492
2548,0.0024261833027216344,2548,0.00004847938479153007,0.999,0.27579134291126617,0.4959
2549,0.002424613205947858,2549,4.821822788666655e-6,1.0,0.2751415689786275,0.4981
2550,0.0024230431389355937,2550,4.9234091323212074e-6,1.0,0.27412222964423044,0.4988
2551,0.002421473102304679,2551,0.000010576572170369522,1.0,0.2726138263940811,0.4995
2552,0.0024199030966749403,2552,0.00003936423464827905,1.0,0.27455105639639354,0.4993
2553,0.00241833312266619,2553,0.000015860307744982754,1.0,0.27573264581816537,0.5013
2554,0.00241676318089823,2554,1.5807078773107042e-6,1.0,0.27346983353296916,0.5015
2555,0.002415193271990848,2555,5.657796878365064e-6,1.0,0.273382367122741,0.502
2556,0.002413623396563819,2556,1.383236053698056e-6,1.0,0.27263233037222,0.5022
2557,0.0024120535552369054,2557,0.000020776778190641682,1.0,0.27411640087763467,0.5016
2558,0.0024104837486298553,2558,4.648600813490182e-6,1.0,0.27153320284116833,0.5007
2559,0.002408913977362403,2559,8.371509571653795e-6,1.0,0.2731653537069048,0.5014
2560,0.002407344242054271,2560,5.702904840767414e-6,1.0,0.2737098174435752,0.5018
2561,0.002405774543325164,2561,9.672390807021917e-7,1.0,0.27193160085451035,0.5036
2562,0.0024042048817947753,2562,1.4010578514076076e-6,1.0,0.27202815001919156,0.5036
2563,0.0024026352580827823,2563,3.017768213859589e-6,1.0,0.2711138759340559,0.5041
2564,0.002401065672808847,2564,2.881204106112515e-6,1.0,0.271979250226702,0.5038
2565,0.002399496126592617,2565,4.285914025374604e-6,1.0,0.2716711558046795,0.5047
2566,0.0023979266200537257,2566,1.4628534418512745e-6,1.0,0.27159632117975324,0.5053
2567,0.002396357153811787,2567,1.659453263057133e-6,1.0,0.27043182821500866,0.5051
2568,0.0023947877284864034,2568,3.9978445415943585e-6,1.0,0.27179091203780403,0.5046
2569,0.0023932183446971583,2569,2.845640183512019e-6,1.0,0.272431085507075,0.5034
2570,0.002391649003063619,2570,0.000013878167010261677,1.0,0.271495654185613,0.5028
2571,0.002390079704205338,2571,1.7967540960247181e-6,1.0,0.2711415395850227,0.5016
2572,0.0023885104487418483,2572,9.887492001867247e-7,1.0,0.27230708939688547,0.5005
2573,0.0023869412372926687,2573,1.7110012390189479e-6,1.0,0.2731702517895471,0.5007
2574,0.002385372070477298,2574,2.1200399590357154e-6,1.0,0.27226810795920237,0.501
2575,0.002383802948915217,2575,7.384528544207569e-7,1.0,0.27296784392424994,0.5007
2576,0.0023822338732258923,2576,0.00015585932233025667,0.999,0.2712774939480282,0.5021
2577,0.0023806648440287707,2577,3.868754100992755e-6,1.0,0.27404359862917943,0.5002
2578,0.0023790958619432775,2578,7.564236503705095e-6,1.0,0.2778093800658271,0.4983
2579,0.002377526927588824,2579,0.00007217626513184292,0.999,0.27656002796831586,0.4979
2580,0.002375958041584799,2580,5.09452639735606e-6,1.0,0.2738440295060476,0.4978
2581,0.0023743892045505754,2581,3.4050226531689987e-6,1.0,0.27198500349408106,0.4954
2582,0.002372820417105505,2582,5.609638800966163e-6,1.0,0.27335142351332165,0.4951
2583,0.002371251679868919,2583,1.953589684858127e-6,1.0,0.27297496029308865,0.4965
2584,0.002369682993460131,2584,0.00001509054458264949,1.0,0.27281126791522614,0.4966
2585,0.002368114358498434,2585,1.8921371485075292e-6,1.0,0.2710427353779475,0.4978
2586,0.002366545775603098,2586,4.873911288021711e-6,1.0,0.2699629267056783,0.4996
2587,0.0023649772453933774,2587,3.1784672576880744e-6,1.0,0.26961510181427,0.4998
2588,0.002363408768488502,2588,1.2148726141060165e-6,1.0,0.26971212540354045,0.4992
2589,0.002361840345507682,2589,4.322129414157687e-6,1.0,0.26835317753610155,0.5017
2590,0.0023602719770701055,2590,1.8251194925748375e-6,1.0,0.26891631029901053,0.5014
2591,0.002358703663794939,2591,1.092656518830197e-6,1.0,0.2688237945238749,0.5015
2592,0.0023571354063013283,2592,2.2211788854335847e-6,1.0,0.2668438065619696,0.502
2593,0.002355567205208397,2593,4.476647338454616e-6,1.0,0.26746850467863537,0.5019
2594,0.0023539990611352456,2594,7.5545935725954e-6,1.0,0.2687122555006118,0.501
2595,0.0023524309747009523,2595,1.7256148496579998e-6,1.0,0.26949871835254485,0.5015
2596,0.0023508629465245744,2596,2.3378705650754583e-6,1.0,0.26969955677077884,0.5019
2597,0.002349294977225142,2597,3.669472486459805e-6,1.0,0.268381353361266,0.5022
2598,0.002347727067421666,2598,8.735880486808259e-6,1.0,0.26980879179068973,0.5026
2599,0.0023461592177331327,2599,1.2376224154715082e-6,1.0,0.2700174832627887,0.5027
2600,0.002344591428778504,2600,1.0020097689567548e-6,1.0,0.26848064008213224,0.501
2601,0.002343023701176718,2601,2.518659142326994e-6,1.0,0.27068679886204855,0.5008
2602,0.002341456035546688,2602,8.757895508486919e-7,1.0,0.2698384527649198,0.5015
2603,0.0023398884325073043,2603,1.8172363470945301e-6,1.0,0.27073363633382885,0.4998
2604,0.002338320892677433,2604,2.1693642048874264e-6,1.0,0.2696528341088976,0.5015
2605,0.0023367534166759117,2605,0.0001737583047624217,0.999,0.27244527595383783,0.5016
2606,0.0023351860051215563,2606,0.0003573902421673362,0.999,0.2720037954194205,0.4973
2607,0.0023336186586331562,2607,0.000013325397016420279,1.0,0.27523301740487416,0.4931
2608,0.0023320513778294747,2608,9.614433533248043e-6,1.0,0.27704999787466866,0.493
2609,0.0023304841633292497,2609,8.437967337505098e-6,1.0,0.27751479688144864,0.4938
2610,0.002328917015751192,2610,0.00003264408491347803,1.0,0.2790967265764872,0.4938
2611,0.002327349935713987,2611,0.000012615753516478262,1.0,0.2766792093004499,0.495
2612,0.002325782923836293,2612,0.0002860904418888649,0.999,0.27270133523713974,0.4949
2613,0.002324215980736741,2613,0.00023286472920907336,0.999,0.27628359042462847,0.4893
2614,0.0023226491070339377,2614,0.0000496877890630761,1.0,0.28204760068938844,0.4842
2615,0.002321082303346457,2615,0.0004847854658388921,0.997,0.28817135450385867,0.4854
2616,0.0023195155702928497,2616,0.000021479861191307593,1.0,0.2916726543789818,0.485
2617,0.0023179489084916368,2617,0.000019017181676601813,1.0,0.28902227055458796,0.4817
2618,0.0023163823185613115,2618,0.0004983996748792595,0.998,0.2925980045681908,0.4855
2619,0.00231481580112034,2619,0.00031314603815449767,0.998,0.29523354655220396,0.4814
2620,0.0023132493567871565,2620,0.00009049877813335374,1.0,0.29633308932894753,0.4827
2621,0.0023116829861801694,2621,0.0002404201954959717,0.997,0.2760386729524249,0.4847
2622,0.0023101166899177567,2622,0.00003286689892385246,1.0,0.27542185811769393,0.4842
2623,0.0023085504686182682,2623,0.0001997072146574889,0.999,0.27657088552202497,0.4823
2624,0.0023069843229000225,2624,0.00002633130032422958,1.0,0.2747628089927492,0.4841
2625,0.0023054182533813103,2625,0.000013706004719573511,1.0,0.2761081025713966,0.4866
2626,0.002303852260680389,2626,9.799177838604442e-6,1.0,0.2757282776491983,0.484
2627,0.002302286345415489,2627,0.00004817169665979496,1.0,0.27713393455459956,0.487
2628,0.0023007205082048086,2628,0.00002720323382596862,1.0,0.27912418700399855,0.4867
2629,0.0022991547496665154,2629,0.000059630191252662846,0.999,0.2812858064969381,0.4865
2630,0.0022975890704187473,2630,0.000039888945090232096,1.0,0.2781646932874407,0.4876
2631,0.002296023471079608,2631,0.000016860650248418096,1.0,0.2759791564373743,0.4867
2632,0.0022944579522671715,2632,2.4260112652319505e-6,1.0,0.2740558388687315,0.4886
2633,0.00229289251459948,2633,9.745793282231066e-6,1.0,0.2713895828950973,0.4886
2634,0.002291327158694545,2634,8.277578434076748e-6,1.0,0.2700559684208461,0.4902
2635,0.002289761885170342,2635,0.00034036914501084104,0.999,0.27675457965760003,0.4913
2636,0.0022881966946448184,2636,0.0002937777594849779,0.999,0.27652301305816285,0.489
2637,0.002286631587735884,2637,0.000027597422549282175,1.0,0.2757179271607172,0.4872
2638,0.002285066565061421,2638,0.0005096437946035405,0.996,0.2925147729260581,0.48
2639,0.002283501627239273,2639,0.0005599821866412856,0.997,0.2778402819519951,0.4896
2640,0.002281936774887254,2640,0.00017093435183466812,0.999,0.27985372628484456,0.4845
2641,0.002280372008623144,2641,0.00036798737779636647,0.996,0.27704490621884664,0.4871
2642,0.0022788073290646855,2642,0.0005880297321276711,0.997,0.2753530008452279,0.4874
2643,0.0022772427368295913,2643,0.0012014460785611022,0.993,0.2933261317866189,0.4757
2644,0.002275678232535536,2644,0.0005042975014172649,0.995,0.2920456528663635,0.4793
2645,0.002274113816800162,2645,0.0006930008038623436,0.996,0.2928055573077429,0.494
2646,0.0022725494902410765,2646,0.0009695948074295302,0.996,0.2759166528781255,0.4977
2647,0.0022709852534758507,2647,0.00004459049813747351,1.0,0.2793566729341235,0.487
2648,0.0022694211071220185,2648,0.0007968166913390936,0.995,0.27466045291650865,0.49
2649,0.0022678570517970817,2649,0.000039841658084090646,1.0,0.2821811142421904,0.4831
2650,0.002266293088118505,2650,0.00024128020864043806,0.999,0.27805052626700627,0.4845
2651,0.002264729216703716,2651,0.00009517185398657429,0.999,0.2724547252768562,0.4884
2652,0.0022631654381701062,2652,0.000035063094655708394,1.0,0.2727362090633029,0.4904
2653,0.0022616017531350303,2653,0.000033931551115529146,1.0,0.27164748538108097,0.4891
2654,0.0022600381622158074,2654,0.000027955964967640328,1.0,0.2729490351109278,0.4917
2655,0.002258474666029717,2655,0.000011853409042877111,1.0,0.2716711986632574,0.4939
2656,0.0022569112651940034,2656,0.00003729034796422292,1.0,0.26971808813867115,0.4943
2657,0.002255347960325873,2657,8.331809264442805e-6,1.0,0.2702260301226661,0.4952
2658,0.002253784752042494,2658,4.509328727224437e-6,1.0,0.2709540985879444,0.4948
2659,0.0022522216409609943,2659,0.000019238136896352182,1.0,0.26995444993178047,0.4961
2660,0.002250658627698467,2660,0.00026852374960959597,0.999,0.2686487473192669,0.4978
2661,0.002249095712871965,2661,0.000029024548802053252,1.0,0.26946565679141454,0.5004
2662,0.002247532897098502,2662,0.000032702291859788514,1.0,0.26781683904784065,0.501
2663,0.0022459701809950535,2663,0.00004680867541970829,1.0,0.2666943876516251,0.5003
2664,0.0022444075651785536,2664,0.000032966980803567346,1.0,0.26598607770034244,0.4968
2665,0.0022428450502658993,2665,0.00001630721731414399,1.0,0.2658351094949813,0.496
2666,0.002241282636873946,2666,0.000015019379854190143,1.0,0.265084599171366,0.4967
2667,0.0022397203256195107,2667,2.4480373321282624e-6,1.0,0.26502830045563835,0.496
2668,0.0022381581171193685,2668,0.00001630306499172158,1.0,0.2646913210550944,0.4963
2669,0.002236596011990256,2669,0.000014419401076165308,1.0,0.2654347592876071,0.4972
2670,0.0022350340108488664,2670,2.9633344497813684e-6,1.0,0.26701679740633283,0.4966
2671,0.0022334721143118523,2671,0.00005060432825606161,1.0,0.26502581125213986,0.4943
2672,0.0022319103229958264,2672,0.00009023900311365738,0.999,0.26564377830142066,0.4941
2673,0.0022303486375173597,2673,0.00003851477264929383,1.0,0.26632925399712154,0.4939
2674,0.0022287870584929816,2674,0.00006259940071881179,0.999,0.26830344739414397,0.4971
2675,0.002227225586539176,2675,0.00024976088118256444,0.999,0.26284437576929726,0.5021
2676,0.002225664222272389,2676,4.867913481748906e-6,1.0,0.26626712935311453,0.5007
2677,0.0022241029663090228,2677,6.0489725607718965e-6,1.0,0.2677354872226715,0.4985
2678,0.0022225418192654356,2678,0.000059787855077177354,0.999,0.26835129459699,0.496
2679,0.002220980781757944,2679,0.00003948958527914892,1.0,0.26685918910162787,0.4963
2680,0.002219419854402822,2680,0.000020754598971333983,1.0,0.2670863668123881,0.4946
2681,0.002217859037816298,2681,0.000010076737036494402,1.0,0.26906761839276266,0.4954
2682,0.0022162983326145563,2682,0.000039450054798418844,1.0,0.2696240697588239,0.4963
2683,0.0022147377394137403,2683,0.000013766166037363464,1.0,0.27161277674493334,0.4985
2684,0.0022131772588299477,2684,9.252273403468453e-6,1.0,0.2718811858268011,0.497
2685,0.0022116168914792316,2685,1.7480491253861276e-6,1.0,0.2697436151050386,0.4982
2686,0.0022100566379775984,2686,5.071280465277336e-6,1.0,0.26996277003061203,0.4992
2687,0.0022084964989410125,2687,0.000013040458617026507,1.0,0.26869889142967407,0.4995
2688,0.002206936474985393,2688,0.00001811481672034244,1.0,0.2678007333051591,0.4997
2689,0.0022053765667266116,2689,3.1507314534315983e-6,1.0,0.26838231881459557,0.4995
2690,0.0022038167747804958,2690,6.298765382119936e-6,1.0,0.267906827444122,0.5011
2691,0.0022022570997628273,2691,8.545854110967152e-6,1.0,0.27027718737011863,0.5001
2692,0.00220069754228934,2692,1.930917803639161e-6,1.0,0.26967532805034095,0.5
2693,0.002199138102975723,2693,3.5895476782700697e-6,1.0,0.26853402767862594,0.5005
2694,0.0021975787824376177,2694,5.148081776323601e-6,1.0,0.2698444451604571,0.4999
2695,0.0021960195812906194,2695,8.2322589925016e-6,1.0,0.26908612421580724,0.4997
2696,0.002194460500150278,2696,0.000015711945095409602,1.0,0.2681426996276492,0.4998
2697,0.0021929015396320913,2697,0.00001252750052485464,1.0,0.26775371460687547,0.4993
2698,0.0021913427003515127,2698,2.660344518647305e-6,1.0,0.26658447271301633,0.4985
2699,0.0021897839829239482,2699,0.00002101562907747783,1.0,0.2667866255555834,0.4999
2700,0.0021882253879647547,2700,2.280461597506257e-6,1.0,0.26885989705721536,0.5003
2701,0.00218666691608924,2701,7.962125023043751e-6,1.0,0.2674767241591499,0.5
2702,0.0021851085679126655,2702,3.0818160515385293e-6,1.0,0.2670020778973897,0.5007
2703,0.002183550344050241,2703,0.00001990130507086481,1.0,0.26938455729257493,0.5015
2704,0.002181992245117129,2704,4.266758943621036e-6,1.0,0.27043255851382303,0.5009
2705,0.002180434271728442,2705,8.259185971751104e-6,1.0,0.27003277142842613,0.5016
2706,0.0021788764244992436,2706,9.924057004744619e-6,1.0,0.2697707112346377,0.5016
2707,0.002177318704044548,2707,0.00005847445508303887,0.999,0.2683059205611547,0.502
2708,0.0021757611109793178,2708,9.607964909177791e-6,1.0,0.2690422692469188,0.5017
2709,0.0021742036459184645,2709,0.000014201732978693013,1.0,0.27077730525107613,0.5016
2710,0.002172646309476853,2710,5.72678905879933e-6,1.0,0.2714047490131287,0.5011
2711,0.0021710891022692943,2711,2.035900438711126e-6,1.0,0.27136486371358237,0.5019
2712,0.002169532024910549,2712,4.371685617700548e-6,1.0,0.27016556575184775,0.5018
2713,0.002167975078015327,2713,0.000043755120572086525,0.999,0.2667493808837164,0.4973
2714,0.0021664182621982855,2714,0.00003727850165633061,1.0,0.26991551092692784,0.4981
2715,0.002164861578074032,2715,0.000020386260760438918,1.0,0.2699636669386001,0.4996
2716,0.002163305026257119,2716,1.38968450376827e-6,1.0,0.26922199527422586,0.4989
2717,0.0021617486073620493,2717,0.000014349712762125255,1.0,0.26915393698783147,0.5005
2718,0.002160192322003274,2718,1.253283883107499e-6,1.0,0.27004324964114595,0.5003
2719,0.0021586361707951877,2719,2.7048286894915647e-6,1.0,0.2706738352775574,0.501
2720,0.002157080154352135,2720,6.980843812427685e-7,1.0,0.2714296935569672,0.5013
2721,0.002155524273288406,2721,2.7314786193312014e-6,1.0,0.27121216966992334,0.5008
2722,0.0021539685282182387,2722,1.4292401525987468e-6,1.0,0.27062415792828515,0.5012
2723,0.002152412919755816,2723,2.3993095693088307e-6,1.0,0.2697788658596221,0.502
2724,0.002150857448515269,2724,6.482939466780278e-6,1.0,0.27062454862254004,0.5015
2725,0.002149302115110671,2725,0.000010043509673453497,1.0,0.2694430490334829,0.5017
2726,0.002147746920156044,2726,5.0765512415160805e-6,1.0,0.27004764108430773,0.5018
2727,0.0021461918642653546,2727,0.000025741884038715007,1.0,0.26670087093398687,0.5017
2728,0.0021446369480525133,2728,0.000035456624272136474,0.999,0.2675150671175548,0.5007
2729,0.0021430821721313787,2729,1.0104086960555356e-6,1.0,0.2686593782334101,0.4993
2730,0.002141527537115749,2730,2.367871995071861e-6,1.0,0.26931267437480744,0.4989
2731,0.0021399730436193706,2731,0.000015825812603170996,1.0,0.2702532158011482,0.4996
2732,0.0021384186922559323,2732,1.8157176303442872e-6,1.0,0.27007765628042674,0.5004
2733,0.002136864483639068,2733,6.474865970284598e-6,1.0,0.2708508829275767,0.5002
2734,0.0021353104183823557,2734,0.0000975319994113631,0.999,0.2846371346995944,0.4897
2735,0.002133756497099315,2735,0.000029149639983318464,1.0,0.2835770913532802,0.4883
2736,0.0021322027204034076,2736,0.000012868376462024788,1.0,0.2782466437135424,0.4922
2737,0.0021306490889080416,2737,7.491563391817008e-6,1.0,0.2769892482530503,0.4919
2738,0.0021290956032265665,2738,2.9819503744138706e-6,1.0,0.27434578239917756,0.494
2739,0.002127542263972273,2739,0.00006509650311922346,0.999,0.2735553301516033,0.4944
2740,0.0021259890717583957,2740,0.00003085354107735752,1.0,0.274432344521795,0.4938
2741,0.002124436027198109,2741,5.2336544491654855e-6,1.0,0.27584271118754433,0.492
2742,0.0021228831309045315,2742,1.9546785909239716e-6,1.0,0.2755502808661688,0.4924
2743,0.0021213303834907208,2743,0.00002265353747009699,1.0,0.2767874225264504,0.4942
2744,0.0021197777855696777,2744,3.143432263100078e-6,1.0,0.2774537959269115,0.495
2745,0.0021182253377543436,2745,9.40535818742882e-6,1.0,0.27833307129996165,0.4952
2746,0.002116673040657601,2746,0.00003939217122416765,1.0,0.27594529546442487,0.4972
2747,0.00211512089489227,2747,6.777032945070091e-6,1.0,0.27722019581567675,0.4971
2748,0.002113568901071114,2748,1.5610124846500098e-6,1.0,0.2762566271282378,0.498
2749,0.002112017059806837,2749,0.00011789664502733406,0.999,0.28351508662814184,0.5017
2750,0.0021104653717120797,2750,9.490294100292626e-6,1.0,0.2885669242768061,0.5029
2751,0.0021089138373994254,2751,0.00001791603008341337,1.0,0.28847192979994274,0.5031
2752,0.0021073624574813937,2752,0.00002029451534976293,1.0,0.28409859112330843,0.5047
2753,0.0021058112325704455,2753,9.767787330041583e-6,1.0,0.2801384566795258,0.5066
2754,0.0021042601632789803,2754,0.0002577696437811028,0.998,0.27340012079193476,0.5126
2755,0.0021027092502193348,2755,0.000028131931539324535,1.0,0.27799998550187976,0.509
2756,0.0021011584940037855,2756,0.00014702798882483745,0.998,0.2783925015301931,0.5092
2757,0.0020996078952445476,2757,8.24164833158561e-6,1.0,0.28058960565498897,0.5028
2758,0.002098057454553771,2758,0.000016150525472842976,1.0,0.28076786058289666,0.5041
2759,0.0020965071725435455,2759,7.524063922422404e-6,1.0,0.28153758474758694,0.5053
2760,0.002094957049825898,2760,0.000024876349303191264,1.0,0.28227697894686743,0.5072
2761,0.002093407087012793,2761,0.000046671307749030735,1.0,0.2779328278132847,0.508
2762,0.0020918572847161317,2762,2.730647886599919e-6,1.0,0.2755536008448828,0.5078
2763,0.0020903076435477494,2763,7.787815851164245e-6,1.0,0.27529360552628834,0.5074
2764,0.002088758164119421,2764,3.686201704935922e-6,1.0,0.27517619331677756,0.5067
2765,0.0020872088470428574,2765,1.582909544053802e-6,1.0,0.27479313753900075,0.5058
2766,0.002085659692929703,2766,3.1820920840107735e-6,1.0,0.27549451901799155,0.5067
2767,0.00208411070239154,2767,8.686713775048138e-6,1.0,0.2757487717128935,0.5063
2768,0.0020825618760398866,2768,0.0001416577397565431,0.998,0.2794015844662984,0.5074
2769,0.0020810132144861923,2769,0.00005073930444831647,0.999,0.27977576482863653,0.5015
2770,0.0020794647183418453,2770,0.00005028355054394394,0.999,0.276087256982213,0.495
2771,0.0020779163882181676,2771,7.787419002895712e-6,1.0,0.28170489753995626,0.4922
2772,0.0020763682247264157,2772,0.00002815625430230284,1.0,0.28410379631178717,0.493
2773,0.0020748202284777803,2773,0.0001795407022010901,0.998,0.28315901387305487,0.4992
2774,0.002073272400083384,2774,0.000010453261195055217,1.0,0.28524746213640484,0.4979
2775,0.002071724740154286,2775,0.00006964233457871334,0.999,0.28667974642344884,0.4952
2776,0.0020701772493014786,2776,0.00001617617790489454,1.0,0.2862100879351298,0.4929
2777,0.0020686299281358856,2777,0.000025780623570339923,1.0,0.2841705285367512,0.4932
2778,0.0020670827772683656,2778,2.3619130290951162e-6,1.0,0.2841592604205722,0.4926
2779,0.00206553579730971,2779,9.262583860379978e-6,1.0,0.2854621387663342,0.4929
2780,0.0020639889888706396,2780,0.00003329234431383893,1.0,0.2810082217057546,0.4937
2781,0.0020624423525618125,2781,3.7521495609585794e-6,1.0,0.28133139326458884,0.4936
2782,0.002060895888993814,2782,7.83733686321717e-6,1.0,0.2818624723525274,0.4948
2783,0.002059349598777165,2783,0.00002187343603682599,1.0,0.2818587934687024,0.4943
2784,0.002057803482522316,2784,5.271239672310912e-6,1.0,0.28186659529095603,0.4959
2785,0.002056257540839649,2785,7.724640584326283e-6,1.0,0.27952018295015607,0.4967
2786,0.0020547117743394765,2786,0.00011573903411826472,0.999,0.279612722992897,0.4983
2787,0.002053166183632044,2787,0.000026043117324141868,1.0,0.2803962537220546,0.4983
2788,0.002051620769327526,2788,1.723350086043259e-6,1.0,0.2784773677587509,0.5008
2789,0.002050075532036027,2789,2.4180863993890288e-6,1.0,0.27637543422835215,0.5004
2790,0.0020485304723675836,2790,0.00006167885657132068,0.999,0.27643771171569825,0.4979
2791,0.002046985590932159,2791,0.000020049032576437076,1.0,0.27743178804715474,0.4988
2792,0.0020454408883396487,2792,3.7029760875384454e-6,1.0,0.27944634216172354,0.4989
2793,0.0020438963651998768,2793,6.403113026126881e-6,1.0,0.2803739686806997,0.4982
2794,0.002042352022122596,2794,6.435693172707466e-6,1.0,0.27983268783206033,0.4991
2795,0.0020408078597174907,2795,0.000018952801101910327,1.0,0.27977708521343414,0.5002
2796,0.0020392638785941696,2796,0.00010086810424679373,0.999,0.2781820473216829,0.4973
2797,0.0020377200793621716,2797,5.80835062248211e-7,1.0,0.28646760086218515,0.4941
2798,0.0020361764626309654,2798,0.00018349547231298944,0.999,0.28539441227912904,0.4941
2799,0.002034633029009947,2799,0.000016262967457285932,1.0,0.28912025945527214,0.494
2800,0.002033089779108438,2800,0.00031881482682582005,0.998,0.29114219021229515,0.4949
2801,0.0020315467135356906,2801,0.00002490662804380658,1.0,0.29625930757749647,0.49
2802,0.0020300038329008814,2802,0.0010178556672144623,0.996,0.29758716906820026,0.4953
2803,0.0020284611378131156,2803,0.0003176858755891555,0.999,0.29384237896828425,0.4935
2804,0.0020269186288814243,2804,0.000018813030714054114,1.0,0.2929392408756983,0.4908
2805,0.0020253763067147666,2805,0.00002770908346454754,1.0,0.2932176208212262,0.491
2806,0.0020238341719220274,2806,0.000021240572120210084,1.0,0.29033748252051217,0.4936
2807,0.0020222922251120147,2807,0.00007369075283728914,0.999,0.29421145092873346,0.4925
2808,0.002020750466893467,2808,0.00023051498218202532,0.998,0.2869597880613236,0.4994
2809,0.0020192088978750445,2809,0.000313037861295535,0.998,0.29092915001369657,0.4924
2810,0.002017667518665335,2810,0.000026646711722562378,1.0,0.3029576914651053,0.4769
2811,0.002016126329872851,2811,0.00002064767163357742,1.0,0.30474625996180943,0.4774
2812,0.002014585332106029,2812,0.000018125976945763494,1.0,0.30118861652555917,0.4808
2813,0.0020130445259732297,2813,0.00001587307091150641,1.0,0.2965446182659694,0.4865
2814,0.002011503912082739,2814,0.00015478853877192749,0.998,0.28673078588077,0.4974
2815,0.002009963491042769,2815,6.644851509918226e-6,1.0,0.28489703308968317,0.5012
2816,0.0020084232634614506,2816,0.00001735002949555478,1.0,0.28602901640392486,0.5024
2817,0.0020068832299468442,2817,0.00005114134361455009,1.0,0.28441837969280426,0.5013
2818,0.0020053433911069282,2818,7.218272631213213e-6,1.0,0.28430144758451553,0.5021
2819,0.0020038037475496083,2819,0.00004571921958326389,0.999,0.28477810592878433,0.5017
2820,0.00200226429988271,2820,0.00004799768372603943,0.999,0.28058150098437357,0.5061
2821,0.002000725048713983,2821,0.000651952382708844,0.997,0.2792189081509908,0.5052
2822,0.0019991859946511007,2822,0.000011760117561585676,1.0,0.2898780666646503,0.492
2823,0.001997647138301657,2823,0.000043867622675212,1.0,0.2935710824671246,0.4904
2824,0.0019961084802731658,2824,0.00022021507796428827,0.999,0.28723234562646777,0.498
2825,0.001994570021173067,2825,5.0760775084632945e-6,1.0,0.28898432567006066,0.4966
2826,0.00199303176160872,2826,0.00015283795283678393,0.998,0.282992869473639,0.4972
2827,0.0019914937021874037,2827,0.000010741175542318074,1.0,0.28645027705601284,0.4924
2828,0.001989955843516321,2828,0.00011975955380010072,0.999,0.29151478565874556,0.4896
2829,0.0019884181862025946,2829,8.416679996852985e-6,1.0,0.2922903472468967,0.4904
2830,0.001986880730853266,2830,0.00019078691970467583,0.998,0.2911380926767985,0.4904
2831,0.0019853434780752978,2831,0.000021843513839788404,1.0,0.29793989800271536,0.4822
2832,0.001983806428475574,2832,0.0001870158011158873,0.998,0.28696970286823453,0.4941
2833,0.001982269582660898,2833,0.000044310283967552964,1.0,0.28838487210727876,0.4908
2834,0.001980732941237991,2834,0.00025343318306373215,0.998,0.2833694191206069,0.4953
2835,0.0019791965048134956,2835,0.000367044479709139,0.999,0.286367264957655,0.4955
2836,0.0019776602739939716,2836,0.000029784142174635452,1.0,0.2902064144611359,0.4945
2837,0.001976124249385899,2837,0.000210337047952808,0.999,0.29212729647046043,0.4973
2838,0.001974588431595677,2838,0.000013681415772398828,1.0,0.2902576242174421,0.4979
2839,0.0019730528212296206,2839,2.3732384631460135e-6,1.0,0.28821303305171786,0.4975
2840,0.001971517418893966,2840,0.0000392653479366345,1.0,0.28646255078769867,0.4984
2841,0.001969982225194864,2841,6.2204326322249215e-6,1.0,0.28706799404961725,0.4971
2842,0.001968447240738386,2842,0.00002847251223719078,1.0,0.2879334299337296,0.4964
2843,0.001966912466130519,2843,7.641970715407556e-6,1.0,0.28786554010141463,0.4965
2844,0.001965377901977168,2844,2.916550337366581e-6,1.0,0.29007002796445575,0.4958
2845,0.001963843548884155,2845,0.000027069324067681355,1.0,0.2877432984965188,0.4969
2846,0.001962309407457218,2846,0.000024156625378119706,1.0,0.287623754853294,0.4972
2847,0.0019607754783020105,2847,2.1319816380041413e-6,1.0,0.28756867760703675,0.4987
2848,0.0019592417620241044,2848,3.1504486438886183e-6,1.0,0.28661787566684543,0.4996
2849,0.0019577082592289875,2849,1.7183866486361478e-6,1.0,0.2894533986137027,0.4993
2850,0.0019561749705220613,2850,0.00005645597288353851,1.0,0.28791100879510245,0.5005
2851,0.001954641896508645,2851,4.429031781412396e-6,1.0,0.2883212095215207,0.4984
2852,0.00195310903779397,2852,0.000044451701458434576,1.0,0.28641108274459837,0.5012
2853,0.0019515763949831864,2853,3.770734723827575e-6,1.0,0.2874042136328561,0.5021
2854,0.0019500439686813563,2854,1.5203700979240932e-6,1.0,0.2872089073771522,0.5019
2855,0.0019485117594934577,2855,0.000016922674090903368,1.0,0.2878755475793566,0.5024
2856,0.0019469797680243838,2856,3.842262714215394e-6,1.0,0.2892763442936398,0.5022
2857,0.0019454479948789385,2857,6.309431247094229e-7,1.0,0.28991946010362535,0.5037
2858,0.001943916440661842,2858,1.068546466632099e-6,1.0,0.2892380348273686,0.5032
2859,0.0019423851059777281,2859,1.6574611671720568e-6,1.0,0.2898264252004169,0.5035
2860,0.0019408539914311438,2860,0.000024727583620244243,1.0,0.28985384504000344,0.5043
2861,0.001939323097626548,2861,6.039270140994242e-6,1.0,0.2874728831506911,0.5044
2862,0.0019377924251683149,2862,4.610367695823654e-6,1.0,0.28624287162508283,0.5045
2863,0.0019362619746607279,2863,3.6772435989751968e-6,1.0,0.2864636846951076,0.5038
2864,0.0019347317467079848,2864,3.808343756245016e-6,1.0,0.28593757436389017,0.5036
2865,0.0019332017419141972,2865,1.0590885040073772e-6,1.0,0.28721113914535157,0.5041
2866,0.001931671960883385,2866,1.8221415890214605e-6,1.0,0.2869378041653406,0.5038
2867,0.0019301424042194827,2867,1.1523524487226193e-6,1.0,0.28637198351678395,0.5035
2868,0.0019286130725263335,2868,4.461179298145691e-7,1.0,0.2857283822127751,0.5037
2869,0.0019270839664076948,2869,0.00003685195397365316,1.0,0.2875582849695569,0.5032
2870,0.0019255550864672325,2870,6.061240621117274e-6,1.0,0.28765474955240883,0.5035
2871,0.0019240264333085244,2871,3.1082630612001506e-6,1.0,0.28645069684301105,0.5028
2872,0.0019224980075350595,2872,3.034785481285477e-6,1.0,0.2869662086168925,0.5027
2873,0.0019209698097502356,2873,5.345645774923469e-7,1.0,0.28786638180414836,0.5021
2874,0.0019194418405573599,2874,1.3466617000782815e-6,1.0,0.28868423530033654,0.502
2875,0.0019179141005596513,2875,5.022003888045999e-6,1.0,0.28845216376440863,0.5018
2876,0.0019163865903602379,2876,2.658904385216807e-6,1.0,0.28840576381910416,0.5022
2877,0.0019148593105621553,2877,1.532375798823133e-6,1.0,0.28856969532512483,0.5025
2878,0.0019133322617683511,2878,1.053704177287446e-6,1.0,0.2886878070377168,0.5029
2879,0.0019118054445816778,2879,7.694214765424909e-7,1.0,0.2885783382824489,0.5028
2880,0.0019102788596049003,2880,1.3561760500210983e-6,1.0,0.28902853585424876,0.5025
2881,0.0019087525074406892,2881,1.6890350323029408e-6,1.0,0.28828684659231274,0.5016
2882,0.0019072263886916248,2882,6.827055560030376e-7,1.0,0.2882768335796538,0.5024
2883,0.0019057005039601947,2883,4.010146916416921e-6,1.0,0.2867744772207169,0.5023
2884,0.0019041748538487944,2884,4.5040903341400515e-6,1.0,0.2868576464198884,0.5032
2885,0.0019026494389597247,2885,2.039811575860724e-6,1.0,0.2865773825418381,0.5031
2886,0.0019011242598951964,2886,0.000011790915779995106,1.0,0.28879736832209996,0.5018
2887,0.0018995993172573264,2887,2.4910410431965873e-6,1.0,0.28694042336373105,0.502
2888,0.0018980746116481367,2888,1.5649257561346444e-6,1.0,0.2875736479248319,0.5023
2889,0.0018965501436695588,2889,7.402747902081804e-7,1.0,0.2875422392572675,0.5031
2890,0.0018950259139234261,2890,2.0548122015335527e-6,1.0,0.28691434406098865,0.5033
2891,0.001893501923011482,2891,2.988905567322252e-6,1.0,0.28700362415540787,0.5031
2892,0.001891978171535374,2892,0.00001467120586423356,1.0,0.2874757116749173,0.5023
2893,0.0018904546600966542,2893,2.2062127914610062e-6,1.0,0.2898303327106294,0.5012
2894,0.0018889313892967812,2894,1.4390699138153822e-6,1.0,0.2878641100156875,0.5022
2895,0.0018874083597371194,2895,4.296118478783856e-6,1.0,0.28675796134131293,0.5017
2896,0.0018858855720189352,2896,2.359761862992725e-6,1.0,0.28592357479390645,0.5025
2897,0.0018843630267434007,2897,1.0574387875381251e-6,1.0,0.2851194043954213,0.5022
2898,0.0018828407245115933,2898,1.990871430464159e-7,1.0,0.28622255495616367,0.5028
2899,0.0018813186659244945,2899,8.886800709920603e-7,1.0,0.28647616718496594,0.5024
2900,0.0018797968515829892,2900,4.254253218234572e-6,1.0,0.28660965107736136,0.5027
2901,0.0018782752820878637,2901,4.264947113781437e-7,1.0,0.2886468700000218,0.5037
2902,0.0018767539580398103,2902,7.245886546938675e-6,1.0,0.2885711326485588,0.5029
2903,0.001875232880039425,2903,2.4585671200481685e-7,1.0,0.2882796951702663,0.5045
2904,0.0018737120486872032,2904,0.000030013786901658284,1.0,0.29263923849378315,0.5005
2905,0.0018721914645835464,2905,0.00010871522570371759,0.998,0.29360383947690327,0.5
2906,0.0018706711283287575,2906,1.1323697105494614e-6,1.0,0.2967583974202474,0.5002
2907,0.0018691510405230405,2907,0.000013130108614166688,1.0,0.29703012108802795,0.4991
2908,0.0018676312017665009,2908,3.846520984650072e-6,1.0,0.29551810792514255,0.5017
2909,0.0018661116126591486,2909,0.00002022446940670653,1.0,0.2929459109192803,0.5034
2910,0.0018645922738008928,2910,3.075564919862743e-6,1.0,0.28977353430929637,0.5055
2911,0.0018630731857915454,2911,0.000011961070275187272,1.0,0.2915889615104312,0.5058
2912,0.0018615543492308156,2912,7.467434418880917e-6,1.0,0.2925799210866292,0.5064
2913,0.001860035764718318,2913,2.2480037157059824e-6,1.0,0.2908770135470799,0.5065
2914,0.001858517432853566,2914,2.415739962608703e-6,1.0,0.28991532765683675,0.5071
2915,0.001856999354235972,2915,3.068831674113426e-6,1.0,0.2901946218240829,0.5069
2916,0.0018554815294648495,2916,2.9239781657083984e-6,1.0,0.2916187028090159,0.5059
2917,0.0018539639591394132,2917,3.518576211682839e-6,1.0,0.2890546645436968,0.5066
2918,0.0018524466438587734,2918,1.0573267075420473e-6,1.0,0.28958207766215005,0.5073
2919,0.0018509295842219443,2919,8.031361690406075e-7,1.0,0.288389451730819,0.5082
2920,0.001849412780827835,2920,7.00544488619839e-7,1.0,0.290384886094502,0.5076
2921,0.0018478962342752569,2921,0.000011569812746377769,1.0,0.28996235586348035,0.5069
2922,0.001846379945162919,2922,7.375335535525232e-7,1.0,0.28882818874858673,0.5072
2923,0.0018448639140894272,2923,3.5613893223691254e-6,1.0,0.2895256138983227,0.5071
2924,0.0018433481416532858,2924,2.3061631571592787e-6,1.0,0.28841658064297265,0.5085
2925,0.001841832628452899,2925,6.009679005441762e-7,1.0,0.28702986864816576,0.5076
2926,0.0018403173750865679,2926,0.0000624577407968391,0.999,0.28177953021866936,0.5094
2927,0.0018388023821524887,2927,1.0006198945824336e-6,1.0,0.28220411993208383,0.5085
2928,0.0018372876502487589,2928,0.00017040837529082507,0.999,0.2918780057203202,0.5091
2929,0.0018357731799733682,2929,8.485116210078473e-7,1.0,0.29576529236066906,0.5054
2930,0.0018342589719242074,2930,0.00011151775463856341,0.999,0.2881687280677614,0.5012
2931,0.0018327450266990607,2931,0.00008375108668614995,0.999,0.28553267461912973,0.4938
2932,0.0018312313448956101,2932,4.0301418353226924e-6,1.0,0.29161990057854426,0.4924
2933,0.0018297179271114347,2933,0.000022861243332088288,1.0,0.2952308552605765,0.4893
2934,0.0018282047739440058,2934,0.0000369241256257575,1.0,0.2995299086684272,0.4879
2935,0.001826691885990692,2935,0.00008453227300855186,0.999,0.2986071705818176,0.4837
2936,0.0018251792638487587,2936,0.00006447425505484716,0.999,0.29973387803350177,0.4828
2937,0.0018236669081153657,2937,0.00006131399813317071,0.999,0.3020780236948104,0.4864
2938,0.0018221548193875655,2938,0.00004165839634749448,1.0,0.29931523147083466,0.4893
2939,0.0018206429982623087,2939,0.00021487504374731326,0.999,0.29680480701582773,0.4924
2940,0.0018191314453364362,2940,2.2670660114055775e-6,1.0,0.2995059257461911,0.4847
2941,0.001817620161206687,2941,0.000785461850520213,0.998,0.29546793812797184,0.4886
2942,0.0018161091464696905,2942,0.00007043263537655418,0.999,0.29404135459945313,0.4904
2943,0.0018145984017219725,2943,0.000049865830230070664,1.0,0.3008376071850459,0.4892
2944,0.0018130879275599517,2944,0.0000348947137408253,1.0,0.30927294748170037,0.4837
2945,0.0018115777245799377,2945,0.00008266506535749483,0.999,0.31748150785764057,0.4788
2946,0.0018100677933781358,2946,0.00019677041859722522,0.998,0.3134541321368445,0.4823
2947,0.001808558134550642,2947,0.0000949340853930196,1.0,0.3044688676084791,0.4886
2948,0.0018070487486934466,2948,0.0000257341297978677,1.0,0.3060023029645284,0.4859
2949,0.0018055396364024313,2949,0.00002342348046741314,1.0,0.30821487818445475,0.4861
2950,0.0018040307982733702,2950,3.0433323924431273e-6,1.0,0.3047295076506478,0.487
2951,0.0018025222349019269,2951,0.000014788947098731158,1.0,0.3031725744406382,0.4879
2952,0.0018010139468836591,2952,0.000017744818448829304,1.0,0.299720299243927,0.4904
2953,0.001799505934814016,2953,0.00003121874148551537,1.0,0.29836801687876385,0.4909
2954,0.0017979981992883355,2954,0.00006020059688472386,0.999,0.2994493436245691,0.4904
2955,0.0017964907409018494,2955,1.4063326797700678e-6,1.0,0.2999691392694201,0.4895
2956,0.001794983560249676,2956,0.000019427507967726515,1.0,0.29825072856176466,0.4913
2957,0.0017934766579268285,2957,2.2298740689274426e-6,1.0,0.2982513101327987,0.4916
2958,0.0017919700345282068,2958,2.3460632432726837e-6,1.0,0.2986984099660601,0.4913
2959,0.0017904636906486025,2959,0.00001046899832398854,1.0,0.2993170582112812,0.4917
2960,0.0017889576268826967,2960,0.000029041141857533148,1.0,0.2986125122933161,0.49
2961,0.0017874518438250595,2961,1.254257705611616e-6,1.0,0.30127981986318314,0.4861
2962,0.001785946342070149,2962,0.000025177716264714772,1.0,0.3019030636265164,0.4874
2963,0.001784441122212314,2963,4.421469726810842e-6,1.0,0.3030562630721501,0.4904
2964,0.0017829361848457925,2964,2.705358161576788e-6,1.0,0.3023295257772718,0.4913
2965,0.0017814315305647083,2965,0.000019972004032470502,1.0,0.30027970870335896,0.4902
2966,0.0017799271599630774,2966,5.400950991922097e-6,1.0,0.3005321454434168,0.4907
2967,0.0017784230736347985,2967,3.1311604159002726e-6,1.0,0.2992273254053933,0.4913
2968,0.001776919272173663,2968,3.7043802871310273e-6,1.0,0.29891022670836676,0.4902
2969,0.001775415756173347,2969,1.949378991011621e-6,1.0,0.29798212136541097,0.4916
2970,0.0017739125262274155,2970,3.315217354394831e-6,1.0,0.2990994876339322,0.4904
2971,0.0017724095829293202,2971,2.026758149245974e-6,1.0,0.30080093173753647,0.4899
2972,0.0017709069268723985,2972,8.608590090510742e-7,1.0,0.30042780694507415,0.4903
2973,0.0017694045586498755,2973,2.8538666591820013e-6,1.0,0.2986251501809983,0.4916
2974,0.0017679024788548616,2974,0.000051669093728551595,0.999,0.29935903719493323,0.4918
2975,0.0017664006880803553,2975,2.251605303897685e-6,1.0,0.3030703978879111,0.4898
2976,0.0017648991869192395,2976,1.7075252558351211e-6,1.0,0.30446209964298065,0.49
2977,0.0017633979759642839,2977,0.00019373145449700738,0.999,0.3042894760767619,0.4829
2978,0.0017618970558081406,2978,0.00002296426244659718,1.0,0.3088282326857249,0.4781
2979,0.0017603964270433503,2979,0.0003557808824466303,0.997,0.32231548229853313,0.4726
2980,0.001758896090262338,2980,0.0006711130331495951,0.995,0.3126242209048498,0.4892
2981,0.001757396046057412,2981,0.00009743834989638431,0.999,0.3117692374047779,0.4906
2982,0.0017558962950207666,2982,0.0002890111964548158,0.999,0.309321406625566,0.4904
2983,0.0017543968377444806,2983,0.00007732297858421502,0.999,0.31749172239076523,0.4903
2984,0.0017528976748205146,2984,0.00004685911073379213,0.999,0.32227463239715215,0.4892
2985,0.001751398806840714,2985,0.00006374096789754514,0.999,0.3165310479345776,0.4897
2986,0.0017499002343968088,2986,0.00017888542524382327,0.999,0.313567685797101,0.4862
2987,0.0017484019580804124,2987,0.000023075667827686718,1.0,0.30910125090962365,0.4927
2988,0.0017469039784830207,2988,0.000037429930767443476,1.0,0.3034546312831697,0.494
2989,0.0017454062961960101,2989,0.00006456965037874138,0.999,0.2976503692922138,0.4933
2990,0.0017439089118106439,2990,0.00003369418451863263,1.0,0.2982510228951772,0.4926
2991,0.0017424118259180652,2991,0.00003347404158051047,1.0,0.29960268593969797,0.4935
2992,0.0017409150391092993,2992,0.00004068106856688506,1.0,0.29987251673425946,0.4901
2993,0.0017394185519752543,2993,0.00004337487067524697,1.0,0.29918112584522794,0.4918
2994,0.001737922365106721,2994,0.0005087440503508507,0.998,0.2989230803080967,0.4944
2995,0.0017364264790943682,2995,0.0000802437863204172,0.999,0.3098162923540388,0.4905
2996,0.0017349308945287484,2996,0.00011093191658671588,0.999,0.3109763318584079,0.4883
2997,0.001733435612000295,2997,0.0005333735957503363,0.998,0.29950201710065205,0.4936
2998,0.0017319406320993225,2998,0.00039544676803329607,0.997,0.29113253241493586,0.4976
2999,0.0017304459554160245,2999,6.276586487631773e-6,1.0,0.29415428383009773,0.497
3000,0.0017289515825404764,3000,0.000013293072925080196,1.0,0.29399418149675643,0.496
3001,0.0017274575140626316,3001,0.00006490266761310133,1.0,0.29212326691264195,0.4955
3002,0.0017259637505723257,3002,0.00004859309385232163,1.0,0.29330134448551,0.4953
3003,0.001724470292659273,3003,0.0001716022218206923,0.999,0.2947769373655319,0.4979
3004,0.001722977140913066,3004,0.000021805125773729134,1.0,0.29069124431837173,0.5009
3005,0.0017214842959231797,3005,0.000012379636711470777,1.0,0.29154661780311947,0.5005
3006,0.0017199917582789628,3006,0.00003966300362803633,1.0,0.2910750340847742,0.503
3007,0.0017184995285696473,3007,0.000045846363307299766,1.0,0.2912549342427935,0.5061
3008,0.001717007607384341,3008,0.00011972357722405442,0.999,0.28864862152508325,0.5065
3009,0.0017155159953120308,3009,3.4424390161716257e-6,1.0,0.2906341620853969,0.5042
3010,0.0017140246929415832,3010,0.000012967191320881067,1.0,0.29092733150436767,0.5043
3011,0.001712533700861739,3011,0.000011251320932799336,1.0,0.29066386549245743,0.5043
3012,0.0017110430196611176,3012,0.0000189953690269682,1.0,0.28828082851001197,0.5063
3013,0.0017095526499282174,3013,6.044243101704134e-6,1.0,0.2881679763396581,0.5071
3014,0.0017080625922514133,3014,7.73436576515624e-6,1.0,0.2849131609712328,0.5079
3015,0.0017065728472189557,3015,0.0002391377211489769,0.999,0.2917344182729721,0.5048
3016,0.0017050834154189733,3016,0.00010383042445569334,0.999,0.29865199199744635,0.5018
3017,0.0017035942974394684,3017,0.00021398138386800945,0.998,0.30020610235986256,0.5041
3018,0.001702105493868323,3018,0.00032031761071223065,0.997,0.29042900999387106,0.5053
3019,0.0017006170052932916,3019,0.00020173172021573226,0.999,0.29771981551533655,0.4966
3020,0.0016991288323020069,3020,0.000021256223373625072,1.0,0.3071830539476304,0.4917
3021,0.0016976409754819767,3021,8.953232476674852e-6,1.0,0.3093913665839604,0.491
3022,0.0016961534354205821,3022,0.00006424019338304614,0.999,0.3079911771274748,0.4922
3023,0.0016946662127050804,3023,0.00028472598941810983,0.999,0.3010739621661958,0.4922
3024,0.0016931793079226036,3024,0.0002302992088624749,0.999,0.30578482434863136,0.4858
3025,0.0016916927216601592,3025,0.00008840006752767035,0.999,0.3122874481337411,0.4836
3026,0.0016902064545046265,3026,0.0002399829995224103,0.996,0.30655022263526915,0.4841
3027,0.001688720507042762,3027,0.0002402909442128562,0.998,0.30749980296407425,0.4882
3028,0.001687234879861192,3028,0.00019770703699707935,0.999,0.3152546147505442,0.4868
3029,0.0016857495735464196,3029,0.00028023952931800436,0.998,0.3151699361347017,0.487
3030,0.0016842645886848211,3030,0.000047011271622717944,1.0,0.3130246732916151,0.485
3031,0.0016827799258626436,3031,0.0005531025131598913,0.999,0.3055629897685278,0.4846
3032,0.00168129558566601,3032,0.00010785621565273253,0.999,0.30371927675746735,0.4861
3033,0.001679811568680913,3033,0.0003457890333958771,0.996,0.3058234433333079,0.4862
3034,0.0016783278754932192,3034,0.00012077465587589402,0.998,0.3079929365998223,0.4904
3035,0.0016768445066886674,3035,0.00019310500894269872,0.998,0.307231643086388,0.4887
3036,0.0016753614628528676,3036,0.00039271695215705094,0.998,0.2979357937971751,0.4929
3037,0.0016738787445713037,3037,0.00004643001661211851,1.0,0.2963331577323732,0.4924
3038,0.0016723963524293282,3038,0.00014666262181673942,0.998,0.29458624834106084,0.4955
3039,0.001670914287012165,3039,0.000012440569824840558,1.0,0.29536449440887996,0.4968
3040,0.0016694325489049113,3040,0.00004378853219848333,1.0,0.2937586091813587,0.4957
3041,0.0016679511386925342,3041,6.540662070619874e-6,1.0,0.2951334507692428,0.4951
3042,0.0016664700569598697,3042,0.000021881280880669302,1.0,0.29423506529558274,0.4966
3043,0.0016649893042916272,3043,0.00013903933387111812,0.999,0.2911817948023478,0.4968
3044,0.0016635088812723825,3044,0.00012242676954580625,0.999,0.2889354109764099,0.5017
3045,0.001662028788486584,3045,0.00001480509235123117,1.0,0.2845306194963909,0.4998
3046,0.001660549026518549,3046,0.000011756089385190058,1.0,0.2840601466950916,0.5002
3047,0.0016590695959524636,3047,3.0402870834222995e-6,1.0,0.28486189813840956,0.4989
3048,0.0016575904973723846,3048,0.00018152460368236505,0.998,0.286005399340675,0.5018
3049,0.0016561117313622369,3049,4.774512008441975e-6,1.0,0.2891049447513762,0.4992
3050,0.0016546332985058114,3050,5.870043047534204e-6,1.0,0.2888444561333883,0.4981
3051,0.001653155199386772,3051,0.000057915884748841305,0.999,0.28630852216765995,0.4998
3052,0.001651677434588649,3052,0.00006528734094163589,0.999,0.2836211389019376,0.501
3053,0.0016502000046948392,3053,3.992416354424763e-6,1.0,0.282631250222524,0.5028
3054,0.0016487229102886106,3054,0.0000461466761624338,1.0,0.2830939817996252,0.5029
3055,0.0016472461519530942,3055,1.1620876258738072e-6,1.0,0.28348369683538166,0.5013
3056,0.0016457697302712918,3056,0.000014499815525444623,1.0,0.2825443125906445,0.5004
3057,0.0016442936458260723,3057,7.978575641096714e-6,1.0,0.28400444785753887,0.501
3058,0.0016428178992001694,3058,0.00003746270219618877,1.0,0.2848100430908657,0.498
3059,0.0016413424909761847,3059,5.925209561177153e-6,1.0,0.2843376772744315,0.4976
3060,0.0016398674217365863,3060,7.036596081261018e-6,1.0,0.28567920199462343,0.4977
3061,0.0016383926920637078,3061,0.000029711234269652343,1.0,0.2858688445318313,0.4996
3062,0.0016369183025397491,3062,0.000013156462416862355,1.0,0.2864997409638904,0.4985
3063,0.001635444253746776,3063,0.000040124540861695224,1.0,0.2860996581259228,0.4987
3064,0.0016339705462667198,3064,0.00003930104589330984,1.0,0.2821891452584948,0.5
3065,0.0016324971806813773,3065,0.000023654208481123835,1.0,0.28197504991576783,0.5029
3066,0.0016310241575724078,3066,2.2466107975019224e-6,1.0,0.2831112143539247,0.503
3067,0.0016295514775213394,3067,0.00016582792088927687,0.999,0.2823663484482538,0.5046
3068,0.0016280791411095632,3068,0.000019126397129790956,1.0,0.2835236594790504,0.5051
3069,0.001626607148918333,3069,0.00018481021329345518,0.999,0.28727566741761706,0.4963
3070,0.0016251355015287682,3070,4.679494378614263e-6,1.0,0.2904313646611713,0.4929
3071,0.0016236641995218534,3071,1.3632855890526635e-6,1.0,0.29077221013250804,0.4943
3072,0.0016221932434784337,3072,0.000039252648505117536,1.0,0.2857596678393228,0.4941
3073,0.001620722633979219,3073,3.460776960244922e-6,1.0,0.28519388692719594,0.4958
3074,0.0016192523716047832,3074,3.226126565215011e-6,1.0,0.2845358371734619,0.4961
3075,0.0016177824569355633,3075,0.000014325060901466627,1.0,0.2850427795024145,0.4972
3076,0.0016163128905518586,3076,3.224247894281905e-6,1.0,0.28607841105688187,0.4974
3077,0.0016148436730338282,3077,8.081228066831023e-7,1.0,0.2845468941188994,0.498
3078,0.0016133748049614982,3078,3.5582669357024443e-6,1.0,0.2852128236066727,0.4976
3079,0.0016119062869147539,3079,1.982695835067716e-6,1.0,0.28589123714537845,0.4979
3080,0.0016104381194733423,3080,0.00004231115900395144,0.999,0.2840628166993459,0.4982
3081,0.0016089703032168732,3081,0.00004188033485553162,0.999,0.2837736399400802,0.4974
3082,0.0016075028387248183,3082,3.5310697756228494e-7,1.0,0.2841764126505171,0.4981
3083,0.001606035726576507,3083,8.267303814233986e-6,1.0,0.2840713401635488,0.498
3084,0.001604568967351134,3084,5.960598154312416e-7,1.0,0.2837379750751314,0.4982
3085,0.0016031025616277514,3085,0.000013018879675049297,1.0,0.28564543014480953,0.4989
3086,0.0016016365099852732,3086,1.1763090473745512e-6,1.0,0.28465689974171776,0.4993
3087,0.0016001708130024745,3087,4.952728856789604e-6,1.0,0.2842733479681469,0.4989
3088,0.0015987054712579877,3088,1.7654316310643567e-6,1.0,0.2836157764707293,0.4995
3089,0.0015972404853303065,3089,1.7524280371801416e-6,1.0,0.28266934440249486,0.4985
3090,0.0015957758557977849,3090,5.970674651832399e-6,1.0,0.284711584732646,0.4986
3091,0.001594311583238636,3091,3.228708904213731e-6,1.0,0.28660664671943303,0.4983
3092,0.00159284766823093,3092,6.388257849905477e-7,1.0,0.28638372421264646,0.4984
3093,0.001591384111352599,3093,5.995633504510135e-6,1.0,0.2864207128683726,0.4988
3094,0.0015899209131814303,3094,2.0534860059992103e-6,1.0,0.285477903627214,0.4988
3095,0.001588458074295073,3095,1.4438492333586812e-6,1.0,0.2849645407426925,0.4996
3096,0.001586995595271031,3096,3.383346349919304e-6,1.0,0.28407998822984243,0.4989
3097,0.0015855334766866687,3097,1.8944947983289325e-6,1.0,0.2855219806943621,0.4983
3098,0.0015840717191192085,3098,0.000010821130222401129,1.0,0.2861709730965751,0.5003
3099,0.0015826103231457275,3099,2.5711253946220884e-6,1.0,0.2854375078564598,0.5
3100,0.001581149289343162,3100,4.50487475301911e-7,1.0,0.28560536021278016,0.5004
3101,0.0015796886182883056,3101,6.634942635519976e-7,1.0,0.2847079546678634,0.5014
3102,0.0015782283105578076,3102,6.28482686084096e-7,1.0,0.28435256481170657,0.5011
3103,0.0015767683667281744,3103,1.4067873648638765e-6,1.0,0.28521978060404457,0.5013
3104,0.00157530878737577,3104,3.772016858945227e-6,1.0,0.2843854858761742,0.5003
3105,0.0015738495730768106,3105,2.722361515560849e-6,1.0,0.28464239310650596,0.5005
3106,0.001572390724407373,3106,1.5480656728580503e-6,1.0,0.28246077526183355,0.5004
3107,0.0015709322419433865,3107,0.00001205655978997995,1.0,0.28265830959592547,0.4988
3108,0.001569474126260637,3108,1.327834183939558e-6,1.0,0.2837927480538686,0.501
3109,0.0015680163779347672,3109,4.488230993209592e-7,1.0,0.284223446108046,0.4995
3110,0.0015665589975412705,3110,2.7589854224310157e-6,1.0,0.28440399780159903,0.4997
3111,0.0015651019856554992,3111,1.5634649208723636e-6,1.0,0.28354024972234454,0.4991
3112,0.0015636453428526575,3112,2.035658062433348e-7,1.0,0.2847178049030758,0.4997
3113,0.0015621890697078056,3113,9.115267349643763e-6,1.0,0.2836996288526626,0.4994
3114,0.0015607331667958574,3114,3.3394920149833395e-7,1.0,0.2841842852887653,0.4994
3115,0.00155927763469158,3115,2.489910575117652e-6,1.0,0.28425554150626775,0.4988
3116,0.0015578224739695935,3116,7.191235154447809e-7,1.0,0.28366279942648753,0.4992
3117,0.001556367685204373,3117,2.2140539661969732e-7,1.0,0.284243243932724,0.4996
3118,0.0015549132689702467,3118,3.0847428697760345e-6,1.0,0.28379299072992237,0.5007
3119,0.001553459225841394,3119,4.7160168308090804e-7,1.0,0.28337684685275666,0.4994
3120,0.0015520055563918499,3120,2.8218289855885814e-6,1.0,0.2833135085446494,0.5
3121,0.0015505522611954973,3121,1.0384046276390974e-6,1.0,0.2835331190200079,0.4999
3122,0.0015490993408260763,3122,3.221893186107428e-7,1.0,0.28281155228614807,0.5014
3123,0.0015476467958571757,3123,5.767465262622517e-7,1.0,0.2821164656253088,0.5008
3124,0.0015461946268622375,3124,3.0260124869333336e-7,1.0,0.2831460592292604,0.5005
3125,0.001544742834414556,3125,8.441721267412763e-7,1.0,0.283256585257394,0.5004
3126,0.001543291419087276,3126,1.0587791837765724e-6,1.0,0.2831888701234545,0.5006
3127,0.001541840381453391,3127,0.000025737386569481996,1.0,0.28309879444894337,0.5021
3128,0.0015403897220857491,3128,3.546308755224865e-7,1.0,0.2830765309787932,0.5026
3129,0.0015389394415570483,3129,4.881243777769366e-6,1.0,0.28366619660740805,0.5028
3130,0.0015374895404398352,3130,2.493343257150454e-7,1.0,0.2846685010762442,0.5022
3131,0.0015360400193065093,3131,8.49546941324098e-7,1.0,0.2846287530092966,0.5017
3132,0.0015345908787293163,3132,4.213719246119278e-7,1.0,0.2848395143236433,0.5014
3133,0.0015331421192803561,3133,3.4779096235329883e-6,1.0,0.28536365599859326,0.5026
3134,0.0015316937415315744,3134,2.987088529542754e-7,1.0,0.28582912882169087,0.5024
3135,0.0015302457460547685,3135,5.340983261162148e-7,1.0,0.28441595279035115,0.5029
3136,0.0015287981334215848,3136,1.7117162781368107e-6,1.0,0.28480692747093383,0.5024
3137,0.001527350904203517,3137,4.78454664755104e-7,1.0,0.28663274333590555,0.5024
3138,0.0015259040589719085,3138,2.2603128860239284e-6,1.0,0.28636103102139066,0.5028
3139,0.0015244575982979501,3139,1.0377498946516944e-6,1.0,0.2854414971101852,0.5037
3140,0.0015230115227526826,3140,7.133502152999513e-7,1.0,0.28472899993260703,0.5015
3141,0.0015215658329069937,3141,0.000014840865152418051,1.0,0.28479951478186105,0.503
3142,0.0015201205293316194,3142,4.893976947208839e-6,1.0,0.28343639487311956,0.5035
3143,0.0015186756125971405,3143,0.00008298664987870823,0.999,0.2864200966698783,0.5032
3144,0.0015172310832739888,3144,1.31036480273868e-6,1.0,0.2964583459354582,0.4987
3145,0.0015157869419324414,3145,4.286885594443187e-7,1.0,0.29950344335465207,0.496
3146,0.0015143431891426222,3146,1.4708788921238704e-6,1.0,0.30250378307842074,0.4965
3147,0.0015128998254745022,3147,0.0002080882792884473,0.999,0.2905988129831496,0.5002
3148,0.0015114568514978993,3148,8.417877178804442e-7,1.0,0.2874677726200649,0.5017
3149,0.0015100142677824755,3149,5.5322782799294146e-6,1.0,0.2871689223107837,0.5006
3150,0.00150857207489774,3150,8.182954521392579e-7,1.0,0.28936037563142325,0.5004
3151,0.001507130273413048,3151,4.484488982825496e-6,1.0,0.2894471693606604,0.5009
3152,0.0015056888638976008,3152,6.293528190867835e-6,1.0,0.2896402560529255,0.5009
3153,0.0015042478469204435,3153,1.026406602293372e-6,1.0,0.2893883619989668,0.5011
3154,0.0015028072230504656,3154,0.00002086380512165777,1.0,0.2898501282646542,0.5023
3155,0.0015013669928564037,3155,1.908301433402249e-6,1.0,0.2894606313535145,0.5014
3156,0.0014999271569068383,3156,2.2678871910589545e-6,1.0,0.2888823157265073,0.5017
3157,0.0014984877157701924,3157,0.000026591957464461302,1.0,0.2908296287059784,0.5007
3158,0.0014970486700147357,3158,2.829341701455979e-7,1.0,0.2923449791613079,0.5022
3159,0.0014956100202085812,3159,1.2287914174857222e-6,1.0,0.2929502274308886,0.501
3160,0.0014941717669196839,3160,0.00014107861986325414,0.999,0.29716464763595946,0.4975
3161,0.0014927339107158434,3161,3.6021915358711945e-6,1.0,0.30472775186811174,0.493
3162,0.001491296452164703,3162,9.499735034253154e-6,1.0,0.30504491754940577,0.4912
3163,0.0014898593918337487,3163,0.0000755235317910774,0.999,0.3008207755429404,0.4924
3164,0.001488422730290309,3164,0.00003647120637343245,1.0,0.2966598839986892,0.495
3165,0.0014869864681015552,3165,5.057568171331522e-6,1.0,0.2903716771375565,0.4981
3166,0.0014855506058345,3166,0.000017256997584660266,1.0,0.2918295817715781,0.4984
3167,0.0014841151440559998,3167,2.1552261571178816e-6,1.0,0.2914467473824819,0.4984
3168,0.0014826800833327534,3168,3.9467972796847745e-6,1.0,0.2913131581885474,0.4966
3169,0.0014812454242312976,3169,2.336725412446651e-6,1.0,0.2898443700302215,0.4961
3170,0.0014798111673180157,3170,2.5479317652557905e-6,1.0,0.2914181927839915,0.4973
3171,0.0014783773131591274,3171,4.856961319481863e-6,1.0,0.29244371908051625,0.4975
3172,0.001476943862320697,3172,1.6462490909945126e-6,1.0,0.2914225510188511,0.4966
3173,0.0014755108153686268,3173,0.0005081919553699013,0.999,0.2909911104610988,0.4976
3174,0.001474078172868662,3174,6.175525067235521e-6,1.0,0.2955129623413086,0.4972
3175,0.0014726459353863884,3175,0.00004395697762794,1.0,0.2991161950996944,0.4958
3176,0.0014712141034872285,3176,0.00004214105445179311,1.0,0.30028436808359055,0.4947
3177,0.0014697826777364475,3177,0.00004604916658953092,0.999,0.29829925213541303,0.4951
3178,0.0014683516586991496,3178,3.3414903798854667e-6,1.0,0.29773438402584623,0.4955
3179,0.0014669210469402793,3179,8.584444818401002e-6,1.0,0.2959083182471139,0.4967
3180,0.0014654908430246183,3180,0.000020326557253454103,1.0,0.2929017075470516,0.5015
3181,0.0014640610475167902,3181,9.55090548870885e-6,1.0,0.2921083129587628,0.5021
3182,0.0014626316609812533,3182,2.3714654286014332e-6,1.0,0.2922526172229222,0.5014
3183,0.0014612026839823083,3183,9.944359123080306e-6,1.0,0.29326746321859815,0.5013
3184,0.0014597741170840918,3184,8.196857162970229e-7,1.0,0.29371282288006373,0.5028
3185,0.0014583459608505799,3185,0.00003974185158096502,0.999,0.2923702472732181,0.5032
3186,0.0014569182158455873,3186,4.437677218794263e-6,1.0,0.29441672038464317,0.5015
3187,0.0014554908826327625,3187,2.7086044729869517e-7,1.0,0.29316137035687767,0.5003
3188,0.0014540639617755956,3188,5.238367910194375e-6,1.0,0.29207327280725753,0.4996
3189,0.001452637453837413,3189,2.0835617181633313e-6,1.0,0.2930050560406276,0.4993
3190,0.0014512113593813756,3190,7.243745817017303e-6,1.0,0.29059589476812453,0.5015
3191,0.001449785678970484,3191,1.6318973946129387e-6,1.0,0.2919233410131364,0.5026
3192,0.001448360413167575,3192,0.00001936461153680587,1.0,0.2929982389722552,0.5026
3193,0.0014469355625353192,3193,4.433709489284238e-6,1.0,0.29302702148755394,0.5049
3194,0.0014455111276362258,3194,5.4486327593665575e-6,1.0,0.29320955702236723,0.5049
3195,0.0014440871090326398,3195,3.329920374994799e-7,1.0,0.29083470361573355,0.5046
3196,0.0014426635072867418,3196,1.6689979149408004e-6,1.0,0.29138336238406953,0.5039
3197,0.0014412403229605458,3197,5.04308294087726e-6,1.0,0.2920927638099307,0.503
3198,0.0014398175566159015,3198,2.994247211063339e-6,1.0,0.2917048851648966,0.5042
3199,0.0014383952088144964,3199,9.024017989152829e-7,1.0,0.2924023656618027,0.5043
3200,0.0014369732801178502,3200,2.157171094619939e-6,1.0,0.2925725431669326,0.5041
3201,0.001435551771087318,3201,1.5156161999081114e-6,1.0,0.29133526313872565,0.5047
3202,0.0014341306822840886,3202,1.2817501516879236e-6,1.0,0.29232907664208185,0.5046
3203,0.0014327100142691872,3203,1.6236943177919523e-6,1.0,0.2916354688860121,0.5045
3204,0.001431289767603469,3204,1.0978180596122825e-6,1.0,0.293447915996824,0.5049
3205,0.0014298699428476245,3205,2.0027381397301812e-6,1.0,0.29286780868257795,0.5049
3206,0.0014284505405621794,3206,1.4806089154717483e-6,1.0,0.29223820595514205,0.5043
3207,0.0014270315613074903,3207,5.044594820176263e-7,1.0,0.2924890262739999,0.5041
3208,0.0014256130056437494,3208,5.160396253380722e-7,1.0,0.29192663516317097,0.5045
3209,0.001424194874130978,3209,7.358315140696245e-7,1.0,0.2924041572071257,0.5059
3210,0.0014227771673290326,3210,6.192437495434162e-6,1.0,0.2945205549399058,0.5029
3211,0.001421359885797602,3211,2.260142020120492e-6,1.0,0.2951246857643127,0.5022
3212,0.0014199430300962067,3212,1.4351888705191197e-6,1.0,0.2947743659927731,0.502
3213,0.0014185266007841976,3213,7.847171405371358e-7,1.0,0.2947766071274167,0.5026
3214,0.0014171105984207603,3214,1.9527226345958513e-7,1.0,0.29374080158415294,0.503
3215,0.001415695023564908,3215,1.3524799498332824e-6,1.0,0.2947660752705165,0.5016
3216,0.0014142798767754884,3216,5.397126978139221e-7,1.0,0.2936392639364515,0.5029
3217,0.0014128651586111788,3217,3.773325629941567e-7,1.0,0.29434831993920463,0.5027
3218,0.001411450869630488,3218,2.1965991489228793e-7,1.0,0.2946939073857807,0.5036
3219,0.001410037010391755,3219,0.00001725584068912851,1.0,0.2950422136556535,0.5049
3220,0.0014086235814531492,3220,2.3472838477578945e-6,1.0,0.2943668022042229,0.5058
3221,0.001407210583372668,3221,1.0394267558835747e-6,1.0,0.293486411798568,0.5052
3222,0.001405798016708142,3222,3.0159592309278845e-6,1.0,0.29386732067380633,0.5054
3223,0.0014043858820172305,3223,3.73145651689724e-7,1.0,0.2935610274473826,0.5049
3224,0.0014029741798574215,3224,8.731444404745725e-7,1.0,0.2939224586600349,0.5052
3225,0.0014015629107860335,3225,0.000029633550780043077,1.0,0.29813229470025926,0.505
3226,0.0014001520753602116,3226,1.018729893162561e-6,1.0,0.29788224470047725,0.504
3227,0.001398741674136933,3227,1.9629303925363557e-6,1.0,0.29983411175864083,0.5024
3228,0.0013973317076730002,3228,3.1658879309015036e-6,1.0,0.29939931616896676,0.5022
3229,0.0013959221765250463,3229,6.817038504485546e-7,1.0,0.29718205389522373,0.5023
3230,0.0013945130812495327,3230,0.0001698043767164103,0.999,0.29189003933043706,0.5011
3231,0.001393104422402746,3231,2.5557473347383903e-6,1.0,0.29393465433801924,0.5014
3232,0.0013916962005408038,3232,0.000021832540964862258,1.0,0.2957319437038331,0.4983
3233,0.0013902884162196494,3233,0.0000947971601130164,0.999,0.29586994591213406,0.4979
3234,0.0013888810699950536,3234,0.00017490263854418636,0.999,0.2985805361043839,0.4974
3235,0.0013874741624226158,3235,0.00008542194833201695,0.999,0.3033141173067547,0.4949
3236,0.0013860676940577598,3236,0.00004789736784768398,0.999,0.3126562490349724,0.4912
3237,0.0013846616654557356,3237,0.00002132833789470992,1.0,0.3146305717173077,0.492
3238,0.0013832560771716226,3238,2.9928279689426873e-6,1.0,0.3159455764861334,0.4942
3239,0.0013818509297603247,3239,0.000041626654378779636,1.0,0.311187454916182,0.4972
3240,0.001380446223776571,3240,0.000012178944898334434,1.0,0.3067307077703022,0.5016
3241,0.0013790419597749196,3241,5.981172870676909e-6,1.0,0.3066689042817979,0.5017
3242,0.0013776381383097482,3242,1.9397556563322247e-6,1.0,0.30434564579100837,0.502
3243,0.0013762347599352665,3243,1.1924415520611763e-6,1.0,0.3047714644954318,0.5026
3244,0.0013748318252055033,3244,0.0000770587459516578,0.999,0.3009476654586338,0.5024
3245,0.0013734293346743165,3245,1.5376736051226067e-6,1.0,0.3000930033978962,0.5047
3246,0.0013720272888953868,3246,5.345302086078889e-6,1.0,0.3014208123797462,0.5056
3247,0.0013706256884222208,3247,0.00003430314877069426,1.0,0.2985759326389858,0.5053
3248,0.0013692245338081462,3248,2.293943113261862e-6,1.0,0.29760272133918036,0.5045
3249,0.0013678238256063175,3249,0.00003343897769051788,1.0,0.3004283655257452,0.5025
3250,0.0013664235643697134,3250,0.00007781961936122646,0.999,0.30744189818700157,0.4996
3251,0.0013650237506511325,3251,2.104100512193933e-6,1.0,0.31258151275771007,0.4981
3252,0.0013636243850032013,3252,0.000382560227046995,0.999,0.3117080665770031,0.4967
3253,0.0013622254679783656,3253,3.454600362471995e-6,1.0,0.31009922538484846,0.5003
3254,0.001360827000128896,3254,9.819920045456023e-6,1.0,0.31027397428240094,0.4972
3255,0.0013594289820068857,3255,0.00015466455525234952,0.999,0.3023287730557578,0.4958
3256,0.00135803141416425,3256,6.262581873020931e-6,1.0,0.30224153513000124,0.4955
3257,0.0013566342971527282,3257,5.657429579877143e-6,1.0,0.30124221671195256,0.4963
3258,0.001355237631523878,3258,0.00024203862075669998,0.998,0.29846531067575727,0.5027
3259,0.0013538414178290805,3259,4.218281067177746e-6,1.0,0.3003014876728966,0.5031
3260,0.0013524456566195394,3260,1.5552986789251527e-6,1.0,0.30009803147543046,0.5009
3261,0.0013510503484462795,3261,4.828990884540135e-6,1.0,0.30013786469187054,0.5008
3262,0.0013496554938601463,3262,0.00002301564179452682,1.0,0.30029824205807276,0.501
3263,0.001348261093411807,3263,4.423612849569465e-6,1.0,0.3004587531089783,0.5
3264,0.0013468671476517472,3264,3.7523769644091467e-6,1.0,0.29773246418862115,0.5002
3265,0.0013454736571302753,3265,1.798322426252309e-6,1.0,0.2965073131379627,0.5008
3266,0.0013440806223975203,3266,3.0754380473819677e-6,1.0,0.2972555847395034,0.4996
3267,0.0013426880440034284,3267,8.806637813070969e-7,1.0,0.29713410990578787,0.5008
3268,0.0013412959224977684,3268,4.024848789997902e-6,1.0,0.29664283763794674,0.5005
3269,0.001339904258430129,3269,0.000016393518676306397,1.0,0.2980570529188429,0.5009
3270,0.001338513052349915,3270,1.4271284094374573e-6,1.0,0.2979064850580125,0.4988
3271,0.0013371223048063534,3271,1.2008633017926297e-6,1.0,0.29703132056054615,0.4983
3272,0.0013357320163484895,3272,2.5289918723848088e-6,1.0,0.2977079979010991,0.4984
3273,0.0013343421875251882,3273,4.2615146997247526e-6,1.0,0.29595391409737726,0.4993
3274,0.0013329528188851306,3274,4.7597533550526264e-7,1.0,0.29723836155164807,0.5004
3275,0.0013315639109768168,3275,0.000010691836031301569,1.0,0.2978821680659339,0.4996
3276,0.0013301754643485664,3276,9.376531794811984e-7,1.0,0.2971277639979408,0.4993
3277,0.001328787479548516,3277,2.244600907596621e-6,1.0,0.29794986106100535,0.4986
3278,0.0013273999571246208,3278,4.265383068968731e-7,1.0,0.2978986402352651,0.4999
3279,0.0013260128976246514,3279,0.000022195494341845223,1.0,0.2967012291862851,0.5008
3280,0.0013246263015961994,3280,1.2136234123058135e-6,1.0,0.2972029677459172,0.5006
3281,0.0013232401695866685,3281,2.560623560130114e-6,1.0,0.2957394554501488,0.5008
3282,0.0013218545021432817,3282,0.00001410315586743612,1.0,0.29509214588574,0.4998
3283,0.0013204692998130792,3283,2.9467423024427607e-7,1.0,0.2945935981614249,0.4993
3284,0.0013190845631429172,3284,3.437544782920148e-6,1.0,0.2961509386698405,0.5021
3285,0.0013177002926794683,3285,8.296981522990098e-7,1.0,0.2967321503730047,0.5
3286,0.0013163164889692187,3286,0.0001415336462754015,0.999,0.2955725979237329,0.4987
3287,0.0013149331525584738,3287,5.017787310905641e-6,1.0,0.29661164993331546,0.498
3288,0.0013135502839933533,3288,0.0001620344461181438,0.999,0.29927038749059043,0.4984
3289,0.0013121678838197899,3289,2.389144728318743e-6,1.0,0.2987974899155753,0.5003
3290,0.0013107859525835343,3290,3.2571198627941895e-6,1.0,0.29568045281228567,0.5016
3291,0.0013094044908301518,3291,1.2439729947085913e-6,1.0,0.29426256900741943,0.5035
3292,0.0013080234991050203,3292,1.24489353970332e-6,1.0,0.29330163853509084,0.5021
3293,0.0013066429779533342,3293,2.4234707054693855e-6,1.0,0.2927195790268126,0.5017
3294,0.0013052629279201012,3294,2.046248657247166e-6,1.0,0.29357754985491435,0.5011
3295,0.0013038833495501432,3295,8.212708183783607e-7,1.0,0.2930397020918982,0.5017
3296,0.001302504243388097,3296,7.365101025143195e-7,1.0,0.29431680469285876,0.5014
3297,0.0013011256099784106,3297,6.767723712235758e-7,1.0,0.29359321821303597,0.5014
3298,0.001299747449865346,3298,3.167193072716232e-6,1.0,0.2947700469266801,0.5026
3299,0.0012983697635929798,3299,2.3181152222323795e-6,1.0,0.29522967508861,0.502
3300,0.001296992551705201,3300,0.00008375796961889223,0.999,0.2930729698567163,0.5045
3301,0.0012956158147457107,3301,2.6883428285189094e-6,1.0,0.29221006745383854,0.5055
3302,0.001294239553258024,3302,7.043056491457242e-7,1.0,0.29116723565828234,0.5054
3303,0.001292863767785465,3303,7.060983796642566e-6,1.0,0.29319229863938834,0.5062
3304,0.0012914884588711743,3304,0.000016729851243182803,1.0,0.29242999383381435,0.5067
3305,0.0012901136270580997,3305,9.284415248040594e-7,1.0,0.2937118010861533,0.506
3306,0.0012887392728890045,3306,2.45131610248401e-6,1.0,0.29374067329225084,0.5055
3307,0.0012873653969064623,3307,0.000077123991311672,0.999,0.2953911005031495,0.5022
3308,0.0012859919996528564,3308,3.5063679756522755e-6,1.0,0.29714152415593464,0.4976
3309,0.0012846190816703826,3309,0.00001975547292721287,1.0,0.29852438824517386,0.4984
3310,0.0012832466435010472,3310,1.4284684152157535e-6,1.0,0.2982665033567519,0.4973
3311,0.0012818746856866688,3311,8.36815720361983e-6,1.0,0.2981642257599604,0.4998
3312,0.0012805032087688719,3312,1.1518914580695612e-6,1.0,0.29728711957023257,0.4992
3313,0.0012791322132890961,3313,0.00008346439676101692,0.999,0.29740980381057375,0.4977
3314,0.0012777616997885868,3314,8.284597216499736e-7,1.0,0.300716309320359,0.4931
3315,0.0012763916688084017,3315,0.000016200453232716515,1.0,0.30404654627754574,0.4948
3316,0.0012750221208894076,3316,0.000013861470309604687,1.0,0.3039736324832553,0.4952
3317,0.0012736530565722803,3317,3.029180001860931e-6,1.0,0.3063298560324169,0.4953
3318,0.0012722844763975057,3318,0.000014097898193605423,1.0,0.3035263580935342,0.4961
3319,0.0012709163809053754,3319,0.00011449713578247698,0.999,0.30054394262177603,0.4985
3320,0.0012695487706359937,3320,7.502258079111493e-7,1.0,0.30092109044392906,0.4978
3321,0.0012681816461292703,3321,0.000016663091380613488,1.0,0.301677181607201,0.4972
3322,0.0012668150079249245,3322,0.000014435176096650962,1.0,0.30070213448433647,0.4975
3323,0.0012654488565624839,3323,1.0898294025959591e-6,1.0,0.3024828272206443,0.4968
3324,0.001264083192581284,3324,3.699199910537724e-6,1.0,0.30164606060300553,0.4967
3325,0.0012627180165204661,3325,1.2016317544380616e-6,1.0,0.30328148489906676,0.4966
3326,0.00126135332891898,3326,7.2965715863423e-6,1.0,0.3016772451854888,0.4955
3327,0.0012599891303155843,3327,6.322070435414519e-7,1.0,0.3021025572504316,0.4955
3328,0.001258625421248841,3328,0.00001336626047329251,1.0,0.30218958400544665,0.4945
3329,0.001257262202257122,3329,8.011501736724486e-6,1.0,0.30242678977194287,0.4958
3330,0.0012558994738786052,3330,1.0396307154841061e-6,1.0,0.30162601953461055,0.4949
3331,0.0012545372366512722,3331,1.5264713822272738e-6,1.0,0.301662616502671,0.4958
3332,0.0012531754911129143,3332,5.583939832087297e-6,1.0,0.3015319639728183,0.4957
3333,0.0012518142378011262,3333,9.187354487764986e-7,1.0,0.30362090723855156,0.4963
3334,0.0012504534772533108,3334,1.1949334464134154e-6,1.0,0.3030146632875715,0.4965
3335,0.0012490932100066732,3335,7.889307613798532e-6,1.0,0.3019413198743548,0.4976
3336,0.0012477334365982252,3336,0.000034413864154898766,1.0,0.3010252242996579,0.4963
3337,0.001246374157564784,3337,1.4901339567142627e-6,1.0,0.3019013390654609,0.4953
3338,0.001245015373442972,3338,4.767320333376986e-6,1.0,0.30213937163352966,0.496
3339,0.0012436570847692155,3339,3.3536470995375655e-6,1.0,0.3019104023774465,0.4969
3340,0.0012422992920797452,3340,5.1614383732526e-6,1.0,0.3014026968252091,0.4959
3341,0.0012409419959105972,3341,6.816336373222362e-7,1.0,0.3023288335118975,0.4951
3342,0.0012395851967976098,3342,1.0675237066812942e-6,1.0,0.3028460396187646,0.4947
3343,0.0012382288952764245,3343,2.6827800185390603e-6,1.0,0.30265021380924045,0.4948
3344,0.0012368730918824887,3344,5.637633588237566e-6,1.0,0.3023486966178531,0.4942
3345,0.0012355177871510525,3345,6.705019422221474e-7,1.0,0.30388638036591664,0.4949
3346,0.0012341629816171689,3346,5.14315991108019e-7,1.0,0.3029952253614153,0.4946
3347,0.0012328086758156922,3347,7.537533846180807e-7,1.0,0.3030086494627453,0.4952
3348,0.0012314548702812818,3348,9.684618300114033e-7,1.0,0.29999564772560483,0.4957
3349,0.0012301015655483988,3349,6.2050258941597e-7,1.0,0.3010556916395823,0.4949
3350,0.0012287487621513076,3350,5.728494172563799e-7,1.0,0.30212655436424984,0.494
3351,0.0012273964606240714,3351,3.8506727508190254e-7,1.0,0.3020400260175977,0.4954
3352,0.0012260446615005593,3352,6.732803182698956e-7,1.0,0.3021690472250893,0.4952
3353,0.0012246933653144382,3353,1.656234250698877e-7,1.0,0.30186791249683925,0.4955
3354,0.0012233425725991795,3354,4.680110859702663e-7,1.0,0.30323099323681424,0.4949
3355,0.0012219922838880549,3355,2.6569704643838086e-6,1.0,0.3038234571615855,0.4949
3356,0.001220642499714137,3356,7.605618656774433e-7,1.0,0.3012445063818069,0.4962
3357,0.0012192932206102998,3357,1.6704623196652674e-6,1.0,0.30202226156280154,0.4955
3358,0.0012179444471092167,3358,2.3649525461775867e-7,1.0,0.3042690787996565,0.4959
3359,0.0012165961797433614,3359,1.8673388368705717e-6,1.0,0.3023482927254268,0.4952
3360,0.0012152484190450087,3360,2.1695372897143204e-7,1.0,0.3014921165647961,0.4959
3361,0.0012139011655462337,3361,7.621572176760981e-7,1.0,0.301367811078117,0.4961
3362,0.0012125544197789107,3362,2.365244412771972e-6,1.0,0.30285631645293465,0.4951
3363,0.0012112081822747145,3363,2.848175293073447e-7,1.0,0.3030503789583842,0.4951
3364,0.0012098624535651164,3364,8.231405415483009e-7,1.0,0.30356722616014026,0.4958
3365,0.001208517234181391,3365,7.287425185203184e-7,1.0,0.3013739940666017,0.4954
3366,0.0012071725246546071,3366,4.823316547434128e-7,1.0,0.30337887690180826,0.4951
3367,0.0012058283255156365,3367,0.000010987908903679172,1.0,0.3016928357737405,0.4961
3368,0.0012044846372951479,3368,1.1855651021754792e-7,1.0,0.3003340854531243,0.4983
3369,0.0012031414605236065,3369,1.208859545206072e-6,1.0,0.300391362678437,0.498
3370,0.0012017987957312784,3370,4.56652595102826e-7,1.0,0.300686214083717,0.4994
3371,0.001200456643448226,3371,5.549618841931598e-7,1.0,0.2997719801607586,0.4985
3372,0.0011991150042043098,3372,5.057893308412801e-7,1.0,0.29944423351969035,0.4975
3373,0.0011977738785291894,3373,6.803951295285601e-7,1.0,0.29860721287273223,0.4994
3374,0.001196433266952318,3374,1.469000020885384e-7,1.0,0.29962009021214075,0.4986
3375,0.0011950931700029474,3375,5.36716578854642e-6,1.0,0.29993997982570103,0.4975
3376,0.0011937535882101278,3376,6.168016687032226e-7,1.0,0.29957265995797655,0.4986
3377,0.0011924145221027045,3377,1.2860087073547566e-6,1.0,0.30096621286301384,0.4982
3378,0.00119107597220932,3378,6.811335221560252e-7,1.0,0.29960730019069853,0.4983
3379,0.0011897379390584128,3379,2.925218906890152e-7,1.0,0.3007395006361462,0.4978
3380,0.001188400423178216,3380,3.3840126500349143e-6,1.0,0.30011548541841054,0.4983
3381,0.001187063425096761,3381,3.020827871445081e-7,1.0,0.2990285189378829,0.4982
3382,0.0011857269453418725,3382,4.0636957570378787e-7,1.0,0.2996091209706806,0.4993
3383,0.0011843909844411714,3383,2.3434992613147188e-7,1.0,0.300575548126584,0.4993
3384,0.0011830555429220748,3384,5.651501182802306e-7,1.0,0.3006504339831216,0.4977
3385,0.0011817206213117942,3385,7.409040813670453e-7,1.0,0.2992343417235783,0.4983
3386,0.001180386220137334,3386,3.35167735766531e-7,1.0,0.29976288165364945,0.4979
3387,0.0011790523399254952,3387,4.052784461467105e-7,1.0,0.2980837806349709,0.4987
3388,0.0011777189812028738,3388,2.604422249588435e-6,1.0,0.2991816472439539,0.4986
3389,0.001176386144495857,3389,1.9735066888618542e-7,1.0,0.2994814801783789,0.4989
3390,0.001175053830330629,3390,6.955978002276013e-7,1.0,0.2988679119518825,0.4986
3391,0.0011737220392331652,3391,6.724574103059024e-7,1.0,0.30126314872787113,0.4991
3392,0.0011723907717292358,3392,6.233885676871458e-7,1.0,0.2993536106177739,0.4993
3393,0.0011710600283444048,3393,5.472289393267039e-7,1.0,0.30037918800399416,0.4986
3394,0.001169729809604028,3394,2.912081628535036e-7,1.0,0.2998268573057084,0.4976
3395,0.0011684001160332557,3395,1.1506552189373343e-6,1.0,0.29932901121321176,0.4984
3396,0.0011670709481570293,3396,1.517746686171709e-6,1.0,0.3019299456051418,0.4986
3397,0.0011657423065000823,3397,3.4747114028394184e-7,1.0,0.30140456841105506,0.4974
3398,0.0011644141915869417,3398,2.5815443023480796e-7,1.0,0.29990443927901134,0.4983
3399,0.001163086603941927,3399,5.148090959242577e-7,1.0,0.3003432597432818,0.4981
3400,0.0011617595440891484,3400,2.1205769762389082e-7,1.0,0.30129041416304453,0.4991
3401,0.0011604330125525092,3401,1.1160638611803126e-6,1.0,0.3001527442818596,0.4996
3402,0.0011591070098557008,3402,4.131017407514394e-7,1.0,0.29992000205176217,0.4978
3403,0.0011577815365222093,3403,3.7279308309106933e-7,1.0,0.3018387087753841,0.4986
3404,0.0011564565930753115,3404,0.00001690464318655705,1.0,0.2968882688454219,0.4986
3405,0.0011551321800380722,3405,2.3621926525306336e-6,1.0,0.2986556237652188,0.4966
3406,0.0011538082979333495,3406,2.912871166705329e-7,1.0,0.3000394358521416,0.4968
3407,0.0011524849472837923,3407,2.828321565099638e-7,1.0,0.3009164143176306,0.4962
3408,0.001151162128611836,3408,3.611864480306048e-7,1.0,0.3010897911730267,0.4958
3409,0.0011498398424397104,3409,1.7005414118135116e-7,1.0,0.3020164308093843,0.496
3410,0.0011485180892894325,3410,4.512412670822284e-7,1.0,0.3015587730067117,0.4948
3411,0.0011471968696828104,3411,3.1781156787739445e-7,1.0,0.30078195588929313,0.4955
3412,0.0011458761841414403,3412,7.124252030215368e-7,1.0,0.30136239273207527,0.4956
3413,0.0011445560331867063,3413,2.3826606465604527e-6,1.0,0.3002200356551579,0.495
3414,0.001143236417339784,3414,2.2794402640545827e-7,1.0,0.3003059197039831,0.4963
3415,0.0011419173371216376,3415,2.3304005723664054e-6,1.0,0.299219476609003,0.4955
3416,0.0011405987930530183,3416,3.37951958904287e-7,1.0,0.30105587244033816,0.4961
3417,0.001139280785654467,3417,0.00014129602581038268,0.999,0.30761703565007165,0.4954
3418,0.0011379633154463128,3418,0.000024002789685829113,1.0,0.31208909778367905,0.4922
3419,0.001136646382948671,3419,1.0421492707532058e-6,1.0,0.3107492185774304,0.4956
3420,0.0011353299886814451,3420,0.0000987117502485749,0.999,0.32172226934205916,0.494
3421,0.0011340141331643275,3421,4.860604108324922e-6,1.0,0.3283239654132298,0.4899
3422,0.0011326988169167967,3422,0.0002729261399579064,0.998,0.30985758134296965,0.496
3423,0.0011313840404581204,3423,7.256312440653173e-6,1.0,0.3036388397216797,0.4958
3424,0.0011300698043073493,3424,7.960723046434872e-6,1.0,0.3027196739401136,0.4964
3425,0.001128756108983324,3425,0.00017222307413822775,0.999,0.30636067816189355,0.4963
3426,0.001127442955004671,3426,1.211837968639884e-6,1.0,0.30698982023057486,0.496
3427,0.0011261303428898018,3427,0.00006763910337781454,0.999,0.3030067944810504,0.4979
3428,0.0011248182731569154,3428,7.562409983901966e-6,1.0,0.3028197870368049,0.4989
3429,0.0011235067463239968,3429,8.533202460403983e-6,1.0,0.3044743869985853,0.5002
3430,0.0011221957629088143,3430,8.091293401386273e-6,1.0,0.30492331442378817,0.4994
3431,0.0011208853234289248,3431,0.000020367542972399816,1.0,0.3028778842517308,0.4999
3432,0.0011195754284016681,3432,6.386900540719796e-7,1.0,0.30212086751347494,0.4998
3433,0.001118266078344171,3433,5.36673814264889e-6,1.0,0.30206820170084636,0.4997
3434,0.0011169572737733443,3434,3.0022493568876165e-6,1.0,0.30400189700580776,0.5001
3435,0.0011156490152058828,3435,1.0050353174457477e-6,1.0,0.3016230651310512,0.5015
3436,0.0011143413031582654,3436,3.7390586200558573e-6,1.0,0.3029197709900992,0.501
3437,0.001113034138146757,3437,6.082293336497796e-7,1.0,0.30194276855105445,0.5018
3438,0.0011117275206874056,3438,5.971837842772791e-6,1.0,0.30242890147935775,0.501
3439,0.0011104214512960427,3439,4.27255614946868e-6,1.0,0.30350469748179115,0.5003
3440,0.0011091159304882853,3440,1.2869947016251142e-6,1.0,0.3037481577623458,0.5008
3441,0.0011078109587795302,3441,7.492866429748531e-7,1.0,0.3010405489376613,0.5002
3442,0.0011065065366849614,3442,0.00011545089504900423,0.999,0.30237690721239363,0.4999
3443,0.0011052026647195427,3443,1.2012664806585842e-6,1.0,0.30384697772207714,0.4995
3444,0.0011038993433980222,3444,0.00010946845467429966,0.999,0.31429070291065037,0.494
3445,0.0011025965732349321,3445,0.00004813930430492248,0.999,0.31717083936645873,0.4937
3446,0.0011012943547445834,3446,0.000012543143127242642,1.0,0.3202869134289878,0.4924
3447,0.0010999926884410723,3447,0.00004392672538718519,0.999,0.317341042700268,0.491
3448,0.0010986915748382757,3448,3.440409358290708e-6,1.0,0.316599668775286,0.4942
3449,0.001097391014449854,3449,0.00001142341439964141,1.0,0.31792092465219046,0.4958
3450,0.0010960910077892456,3450,0.00037124925913325395,0.999,0.31107900994164606,0.5009
3451,0.0010947915553696746,3451,6.6554307225141245e-6,1.0,0.3106172871021997,0.5007
3452,0.0010934926577041428,3452,4.20466318744383e-6,1.0,0.310004570938292,0.4974
3453,0.0010921943153054346,3453,1.180604466336869e-6,1.0,0.31087602774302164,0.4966
3454,0.0010908965286861153,3454,0.00006604980430460099,0.999,0.3118605815228962,0.4987
3455,0.001089599298358531,3455,9.951170354616762e-7,1.0,0.3126990789458865,0.4976
3456,0.001088302624834808,3456,1.234566380638907e-6,1.0,0.31393797085398717,0.4976
3457,0.0010870065086268507,3457,1.356541942987817e-6,1.0,0.31465154063133965,0.4976
3458,0.001085710950246347,3458,0.0003534638416002032,0.999,0.3203564592770168,0.4941
3459,0.0010844159502047617,3459,6.416641985159307e-7,1.0,0.3291644695259276,0.4908
3460,0.0010831215090133406,3460,4.69049675189126e-6,1.0,0.32943360550062994,0.4892
3461,0.0010818276271831087,3461,0.00012427310725202223,0.999,0.324018162772769,0.4942
3462,0.0010805343052248707,3462,0.00004133573071114716,1.0,0.31937655096962336,0.4965
3463,0.0010792415436492084,3463,0.00001746865656368105,1.0,0.316202826159341,0.4965
3464,0.0010779493429664841,3464,4.889482962003708e-6,1.0,0.3138783818199521,0.4972
3465,0.0010766577036868394,3465,0.0000282340008219589,1.0,0.31223288093294416,0.4969
3466,0.0010753666263201905,3466,0.000011970918957818607,1.0,0.30957442919413247,0.4962
3467,0.001074076111376237,3467,1.2188966544662044e-6,1.0,0.3114602716196151,0.497
3468,0.0010727861593644514,3468,0.000015120739079964637,1.0,0.311267591374261,0.4979
3469,0.0010714967707940875,3469,8.64865861720838e-7,1.0,0.3086491942405701,0.4976
3470,0.0010702079461741754,3470,2.7725231109884805e-7,1.0,0.30914289497193836,0.4981
3471,0.0010689196860135225,3471,1.6151214907722533e-6,1.0,0.3090411682923635,0.4991
3472,0.0010676319908207144,3472,1.6533531964888597e-6,1.0,0.30908085107803346,0.4988
3473,0.0010663448611041122,3473,1.1360777443025243e-6,1.0,0.3102380627677554,0.499
3474,0.0010650582973718533,3474,8.484444774261473e-7,1.0,0.309640097618103,0.4992
3475,0.0010637723001318531,3475,8.020600788649107e-6,1.0,0.3073591530323029,0.4999
3476,0.0010624868698918036,3476,6.785178001678105e-6,1.0,0.3078131701265063,0.5003
3477,0.0010612020071591721,3477,3.6709338542907844e-6,1.0,0.3081647520973569,0.5002
3478,0.0010599177124412027,3478,2.0698842685565718e-6,1.0,0.306337457043784,0.5003
3479,0.0010586339862449132,3479,1.7577942853243995e-6,1.0,0.3068630306493668,0.5004
3480,0.0010573508290771,3480,4.819470909128973e-7,1.0,0.30567208358219694,0.5011
3481,0.0010560682414443316,3481,3.039403794890036e-7,1.0,0.3061205512001401,0.5
3482,0.0010547862238529538,3482,4.2909470262689607e-7,1.0,0.30815621671222504,0.5008
3483,0.001053504776809087,3483,1.48773887279471e-6,1.0,0.3083235456829979,0.5001
3484,0.001052223900818627,3484,6.719166734114879e-7,1.0,0.3081794457776206,0.4998
3485,0.001050943596387242,3485,3.32943895987539e-6,1.0,0.3074372263181777,0.5011
3486,0.0010496638640203765,3486,2.5343153099908833e-6,1.0,0.30809801533108666,0.5012
3487,0.0010483847042232486,3487,1.2201709303044914e-6,1.0,0.3077791631221771,0.5001
3488,0.0010471061175008512,3488,0.00001999753861119708,1.0,0.3059891700744629,0.5008
3489,0.001045828104357949,3489,2.234986624554971e-6,1.0,0.30457159621374946,0.4982
3490,0.0010445506652990808,3490,5.06447253404271e-7,1.0,0.3046412995883397,0.4974
3491,0.0010432738008285603,3491,1.3711037530313098e-6,1.0,0.30499195314589,0.4984
3492,0.001041997511450473,3492,9.450658685257926e-7,1.0,0.3064907993589129,0.4984
3493,0.0010407217976686775,3493,2.7808672985516056e-7,1.0,0.3060815425146194,0.498
3494,0.001039446659986806,3494,2.397033202192861e-7,1.0,0.30652420464016145,0.498
3495,0.0010381720989082635,3495,7.379435400945936e-7,1.0,0.3058945610409691,0.4977
3496,0.0010368981149362255,3496,7.768115528690378e-6,1.0,0.303414188396363,0.4979
3497,0.0010356247085736394,3497,5.525939714278224e-7,1.0,0.3030904812472207,0.4982
3498,0.0010343518803232275,3498,2.738082035388548e-7,1.0,0.30405026078224184,0.4978
3499,0.0010330796306874815,3499,1.7769365356912203e-6,1.0,0.3047224569888342,0.4989
3500,0.001031807960168667,3500,3.8647611840961614e-7,1.0,0.30512889708791463,0.4992
3501,0.0010305368692688172,3501,4.99844087051943e-7,1.0,0.30625694677943277,0.4989
3502,0.0010292663584897394,3502,1.0156923884386244e-6,1.0,0.305485756340481,0.4988
3503,0.0010279964283330125,3503,2.9542768468597086e-7,1.0,0.3063310220128014,0.499
3504,0.0010267270792999827,3504,1.339740650101768e-6,1.0,0.3038049291996729,0.4993
3505,0.0010254583118917697,3505,1.1663020483779075e-6,1.0,0.3030389987287067,0.5
3506,0.0010241901266092642,3506,2.0581825899886517e-6,1.0,0.3034212208929516,0.5005
3507,0.001022922523953123,3507,4.5939571317414146e-7,1.0,0.30411035475276765,0.5002
3508,0.0010216555044237773,3508,2.028199863464882e-6,1.0,0.30514359161967325,0.4987
3509,0.0010203890685214257,3509,1.4144830069134124e-7,1.0,0.3057323083991096,0.4993
3510,0.0010191232167460378,3510,1.999610481513108e-6,1.0,0.3042055947440011,0.4999
3511,0.001017857949597352,3511,5.782789003205835e-7,1.0,0.30445928687141055,0.499
3512,0.0010165932675748751,3512,2.228362073192478e-6,1.0,0.30470801705405826,0.4988
3513,0.0010153291711778826,3513,2.1647955470544254e-7,1.0,0.30453245497885206,0.4993
3514,0.0010140656609054206,3514,6.918981364987888e-7,1.0,0.30706221901235126,0.4989
3515,0.0010128027372563032,3515,3.079167353261948e-7,1.0,0.3053439364546821,0.5001
3516,0.0010115404007291124,3516,9.087780402491522e-6,1.0,0.30559179527418956,0.4982
3517,0.0010102786518221996,3517,2.7584839132476277e-7,1.0,0.30584885023889086,0.4985
3518,0.0010090174910336812,3518,5.001782515786804e-7,1.0,0.30646540778023856,0.4982
3519,0.001007756918861446,3519,2.987445343803431e-7,1.0,0.30855807889075504,0.4968
3520,0.0010064969358031459,3520,3.721529210512894e-7,1.0,0.30629240501494637,0.4987
3521,0.0010052375423562027,3521,4.116214829726535e-7,1.0,0.30609789263634457,0.4982
3522,0.0010039787390178064,3522,7.38708770259542e-7,1.0,0.3068264975434258,0.4971
3523,0.0010027205262849105,3523,9.476673563128878e-7,1.0,0.3078963427316575,0.497
3524,0.0010014629046542385,3524,1.730368222887418e-7,1.0,0.3051216065883636,0.4976
3525,0.0010002058746222797,3525,4.621193183885182e-7,1.0,0.3060128592309498,0.4977
3526,0.0009989494366852902,3526,2.1087669642229555e-7,1.0,0.30522505413918266,0.4976
3527,0.00099769359133929,3527,3.178401325412562e-7,1.0,0.3069464010851724,0.498
3528,0.0009964383390800692,3528,9.242334315439664e-7,1.0,0.3066430642491295,0.4977
3529,0.0009951836804031793,3529,2.7859195954181902e-6,1.0,0.3093065852210635,0.4986
3530,0.0009939296158039406,3530,3.5725267112850035e-7,1.0,0.3079014505658831,0.4976
3531,0.000992676145777438,3531,2.0451321753560997e-7,1.0,0.3068535396030971,0.497
3532,0.0009914232708185216,3532,2.8473627147090635e-7,1.0,0.30670177454040165,0.4971
3533,0.000990170991421808,3533,0.000020558006716054845,1.0,0.305990120058968,0.4969
3534,0.0009889193080816756,3534,1.7066094183551935e-6,1.0,0.30572521431105476,0.4975
3535,0.0009876682212922685,3535,6.521401822620224e-6,1.0,0.30574631918044315,0.4983
3536,0.000986417731547497,3536,5.965703458005442e-7,1.0,0.304684757618677,0.499
3537,0.0009851678393410345,3537,8.905378430023618e-7,1.0,0.3047571440537771,0.4983
3538,0.0009839185451663188,3538,2.8615148532177653e-7,1.0,0.30644095738728844,0.4987
3539,0.0009826698495165524,3539,6.578597090908932e-6,1.0,0.3039176418667748,0.4994
3540,0.0009814217528846985,3540,9.88098993864079e-7,1.0,0.3030407945315043,0.4993
3541,0.0009801742557634867,3541,1.8306283317586002e-6,1.0,0.3052956308637347,0.4981
3542,0.0009789273586454103,3542,3.0464421900688876e-6,1.0,0.30493986152467273,0.4982
3543,0.0009776810620227229,3543,3.54192898587344e-7,1.0,0.3043333064942133,0.4987
3544,0.000976435366387444,3544,2.196473348346574e-6,1.0,0.30361205623263404,0.4991
3545,0.000975190272231353,3545,6.092345098671731e-7,1.0,0.3034497763429369,0.4989
3546,0.0009739457800459942,3546,2.070249536245683e-7,1.0,0.30177633918467023,0.4996
3547,0.0009727018903226734,3547,5.196533803898871e-7,1.0,0.3020460423969087,0.5002
3548,0.0009714586035524587,3548,2.6588500307276435e-7,1.0,0.3026042072545914,0.5009
3549,0.0009702159202261804,3549,6.69915776947099e-7,1.0,0.30302909442356657,0.4993
3550,0.0009689738408344301,3550,1.3150097004538133e-6,1.0,0.30288145655677434,0.4998
3551,0.0009677323658675597,3551,6.68485685346403e-7,1.0,0.3028793749355134,0.5007
3552,0.0009664914958156845,3552,8.09542670021117e-7,1.0,0.30320859523046584,0.5002
3553,0.0009652512311686812,3553,1.5179573458518852e-7,1.0,0.3028814250514621,0.4998
3554,0.0009640115724161858,3554,3.7357056690384955e-7,1.0,0.30445450146993003,0.5005
3555,0.0009627725200475971,3555,1.3390077059836714e-7,1.0,0.3037940536226545,0.4994
3556,0.0009615340745520715,3556,6.006787731597082e-6,1.0,0.30353218175116037,0.4996
3557,0.0009602962364185297,3557,7.467130033876942e-7,1.0,0.3050151654652187,0.4985
3558,0.0009590590061356489,3558,1.6665985281774523e-7,1.0,0.3051709663300287,0.4988
3559,0.0009578223841918685,3559,1.600850067364133e-6,1.0,0.30387398572195146,0.4992
3560,0.0009565863710753873,3560,3.1253604580529425e-7,1.0,0.3051566180728731,0.4985
3561,0.0009553509672741648,3561,1.0788071929959014e-7,1.0,0.3053552230199178,0.4988
3562,0.0009541161732759171,3562,1.6347222344035928e-7,1.0,0.30356421215193613,0.4978
3563,0.000952881989568122,3563,7.251750499563735e-7,1.0,0.30422743076369874,0.4977
3564,0.0009516484166380168,3564,2.1567323453079249e-7,1.0,0.3026117523511251,0.4988
3565,0.0009504154549725946,3565,1.1518353982778319e-7,1.0,0.30375799508321855,0.4987
3566,0.000949183105058611,3566,2.0086779460912327e-7,1.0,0.30613817828042167,0.4986
3567,0.0009479513673825764,3567,1.2769935576697902e-7,1.0,0.30636993022192094,0.4984
3568,0.0009467202424307624,3568,1.0202364345938501e-7,1.0,0.30524192906561354,0.4987
3569,0.0009454897306891973,3569,2.617180991291791e-7,1.0,0.30420652230580647,0.4976
3570,0.0009442598326436678,3570,2.4745390820022466e-7,1.0,0.30401195628302435,0.4984
3571,0.0009430305487797185,3571,2.9877826249059495e-7,1.0,0.30353776244890124,0.499
3572,0.0009418018795826515,3572,1.1688645074059423e-7,1.0,0.3044426168714251,0.4989
3573,0.0009405738255375253,3573,1.8225222811976562e-6,1.0,0.3048109335558755,0.498
3574,0.0009393463871291556,3574,4.848377448090397e-7,1.0,0.3041868235383715,0.4986
3575,0.0009381195648421161,3575,4.4846650779851144e-6,1.0,0.3044885814189911,0.4984
3576,0.0009368933591607372,3576,2.2347444326799503e-7,1.0,0.30371715880575634,0.4987
3577,0.0009356677705691061,3577,8.563149820128317e-7,1.0,0.30385052533376783,0.5
3578,0.0009344427995510638,3578,6.729574315789662e-8,1.0,0.3042982819534483,0.5011
3579,0.0009332184465902108,3579,2.512261017630278e-6,1.0,0.3037585457166036,0.5001
3580,0.0009319947121699029,3580,1.3716067164588302e-7,1.0,0.3053548256556193,0.4997
3581,0.0009307715967732494,3581,3.2330376124415733e-7,1.0,0.30576791224025546,0.4996
3582,0.0009295491008831174,3582,3.25325730037613e-7,1.0,0.3035159238747188,0.5006
3583,0.0009283272249821302,3583,7.498918875065945e-7,1.0,0.3031133606320336,0.4992
3584,0.0009271059695526635,3584,9.856428308450762e-8,1.0,0.3023105448200589,0.4993
3585,0.0009258853350768498,3585,1.4120679195240796e-6,1.0,0.30235748092333475,0.4999
3586,0.000924665322036577,3586,2.0277662943477653e-7,1.0,0.303845865385873,0.4987
3587,0.0009234459309134874,3587,2.1300496479441446e-6,1.0,0.30525750659760975,0.4988
3588,0.0009222271621889763,3588,1.0818837428890522e-6,1.0,0.3045606241339729,0.4983
3589,0.0009210090163441937,3589,2.365396462996235e-6,1.0,0.3032455606119973,0.5
3590,0.0009197914938600452,3590,3.1676803656312457e-7,1.0,0.3038747006938571,0.4998
3591,0.0009185745952171889,3591,1.3384137343393155e-7,1.0,0.3020234976496015,0.4999
3592,0.0009173583208960379,3592,2.6243078144445807e-7,1.0,0.3026269960971106,0.5
3593,0.0009161426713767574,3593,1.6319013323731097e-7,1.0,0.30424519947596956,0.4999
3594,0.0009149276471392676,3594,7.157958868171071e-7,1.0,0.303932943656331,0.5002
3595,0.0009137132486632391,3595,1.1147145298669632e-6,1.0,0.3033662776152293,0.5006
3596,0.000912499476428099,3596,1.0482563466563902e-6,1.0,0.30478680786632356,0.5017
3597,0.0009112863309130235,3597,2.69563785980695e-7,1.0,0.3042774373576755,0.5012
3598,0.0009100738125969444,3598,1.9336012968551586e-7,1.0,0.3036395481654576,0.5005
3599,0.0009088619219585452,3599,3.9339987809160534e-7,1.0,0.3044740597407023,0.5005
3600,0.0009076506594762597,3600,0.00001527111322636932,1.0,0.3045549188341413,0.4987
3601,0.0009064400256282759,3601,5.202681609126731e-7,1.0,0.3043034786269778,0.4993
3602,0.0009052300208925329,3602,1.3493283540235607e-7,1.0,0.30441636074156986,0.4989
3603,0.0009040206457467219,3603,3.004009646325639e-8,1.0,0.3058748926435198,0.4986
3604,0.000902811900668284,3604,1.5407200210675109e-6,1.0,0.3064047594865163,0.4985
3605,0.0009016037861344138,3605,2.0180901639746265e-7,1.0,0.3049686589411327,0.4976
3606,0.0009003963026220544,3606,1.307946335365224e-7,1.0,0.3058353250934964,0.4985
3607,0.0008991894506079018,3607,1.5157167200505855e-6,1.0,0.30391487904957365,0.4994
3608,0.0008979832305684021,3608,6.329328388383309e-7,1.0,0.3045067724727449,0.4981
3609,0.000896777642979752,3609,1.3026484262062304e-6,1.0,0.3048024237155914,0.4987
3610,0.0008955726883178992,3610,1.3222694084631604e-7,1.0,0.30400765084085013,0.4996
3611,0.0008943683670585398,3611,1.5511622716449631e-7,1.0,0.30463504791259766,0.499
3612,0.0008931646796771201,3612,7.486479494746488e-7,1.0,0.3038556442374275,0.499
3613,0.0008919616266488373,3613,6.573278454879983e-8,1.0,0.30418942882901145,0.4995
3614,0.000890759208448638,3614,8.985027441008174e-7,1.0,0.30480660029820034,0.4981
3615,0.0008895574255512177,3615,7.219887619737078e-6,1.0,0.3062577486038208,0.4981
3616,0.000888356278431022,3616,2.066223458150435e-7,1.0,0.30544976819129216,0.4991
3617,0.0008871557675622432,3617,1.0151316106863478e-6,1.0,0.30680335958798727,0.4968
3618,0.0008859558934188257,3618,1.2171998655557694e-7,1.0,0.3056445822829292,0.497
3619,0.0008847566564744593,3619,5.5446928030955e-7,1.0,0.3053198073591505,0.4973
3620,0.0008835580572025844,3620,6.363485147920485e-7,1.0,0.3053801400320871,0.4966
3621,0.0008823600960763899,3621,3.9338819846079787e-7,1.0,0.30737428608394807,0.4965
3622,0.0008811627735688098,3622,4.3821642475585405e-7,1.0,0.30599682614916845,0.4955
3623,0.0008799660901525297,3623,5.5005182377141996e-8,1.0,0.3063039229029701,0.4957
3624,0.0008787700462999806,3624,2.1781255241765372e-7,1.0,0.30462161813463484,0.4962
3625,0.0008775746424833419,3625,4.771109145857671e-7,1.0,0.304358089254016,0.4982
3626,0.0008763798791745412,3626,3.4275573414431294e-7,1.0,0.30428788463274636,0.4973
3627,0.0008751857568452506,3627,2.8936536312058823e-7,1.0,0.3060147435892196,0.4966
3628,0.0008739922759668906,3628,4.3717888991474343e-7,1.0,0.3048727668467022,0.4975
3629,0.0008727994370106287,3629,2.5127366211022275e-7,1.0,0.305195331005823,0.4978
3630,0.0008716072404473792,3630,2.079893589167016e-6,1.0,0.30489850640296934,0.4988
3631,0.0008704156867478026,3631,8.364070088380988e-8,1.0,0.3041966608592442,0.4969
3632,0.0008692247763823062,3632,1.3888078665927208e-7,1.0,0.3049367143994286,0.4963
3633,0.0008680345098210406,3633,8.746181396055536e-8,1.0,0.3044583695275443,0.4963
3634,0.0008668448875339059,3634,2.3601890812111984e-7,1.0,0.3032347684814816,0.4962
3635,0.0008656559099905447,3635,7.957673123623213e-8,1.0,0.30384285024234226,0.4963
3636,0.0008644675776603475,3636,1.0162121962967571e-7,1.0,0.30373862839880444,0.4976
3637,0.0008632798910124484,3637,6.543434276957377e-8,1.0,0.30409902334213257,0.4967
3638,0.0008620928505157286,3638,7.175199575234122e-8,1.0,0.30245549962634133,0.4971
3639,0.0008609064566388111,3639,1.7986843912711136e-7,1.0,0.30392549690746123,0.4968
3640,0.0008597207098500664,3640,1.9773927934216944e-7,1.0,0.30624734333583287,0.4967
3641,0.0008585356106176092,3641,8.231527650826549e-7,1.0,0.3047066782202039,0.4963
3642,0.0008573511594092963,3642,2.4501771574610604e-7,1.0,0.3040566427367074,0.4968
3643,0.0008561673566927321,3643,1.1386017809012997e-7,1.0,0.3041127241793133,0.4967
3644,0.0008549842029352613,3644,8.93482203355775e-8,1.0,0.3036985244069781,0.4981
3645,0.000853801698603975,3645,1.964550493922735e-7,1.0,0.30419383474758693,0.4967
3646,0.0008526198441657075,3646,2.582596085770341e-7,1.0,0.30457193227041335,0.4974
3647,0.0008514386400870359,3647,1.8807683114611487e-7,1.0,0.305075516587212,0.4964
3648,0.0008502580868342822,3648,8.182465992809912e-7,1.0,0.3036077468168168,0.4957
3649,0.0008490781848735077,3649,1.6265701864780014e-7,1.0,0.3041062003090268,0.4967
3650,0.0008478989346705212,3650,1.3916405128795651e-7,1.0,0.30427075397400627,0.4954
3651,0.0008467203366908704,3651,1.1837961700847256e-7,1.0,0.30521010699726286,0.4961
3652,0.0008455423913998478,3652,3.399714660901054e-7,1.0,0.3046586363088517,0.496
3653,0.0008443650992624874,3653,9.444111778326e-8,1.0,0.3052772487912859,0.4968
3654,0.0008431884607435663,3654,1.657017339847958e-7,1.0,0.3058736625171843,0.4968
3655,0.0008420124763076014,3655,2.886394015228737e-7,1.0,0.30538661763781594,0.4963
3656,0.0008408371464188533,3656,3.458566462132326e-6,1.0,0.3053043754327865,0.4964
3657,0.0008396624715413248,3657,1.5287775545808863e-6,1.0,0.3045400914691743,0.4972
3658,0.0008384884521387567,3658,4.0872140195076444e-7,1.0,0.30333648182096934,0.4981
3659,0.0008373150886746347,3659,3.7513556248671064e-7,1.0,0.3022389692919595,0.4975
3660,0.0008361423816121847,3660,1.8444758880031302e-7,1.0,0.30200481982458205,0.4995
3661,0.0008349703314143709,3661,3.4637941987674434e-7,1.0,0.3042950377577827,0.4989
3662,0.0008337989385439015,3662,3.275375642073998e-6,1.0,0.30333192575545537,0.4971
3663,0.0008326282034632235,3663,5.904776879937063e-7,1.0,0.303520363285428,0.4983
3664,0.0008314581266345255,3664,1.0811893940989475e-7,1.0,0.30431970897175015,0.4981
3665,0.0008302887085197347,3665,2.7157511904904583e-7,1.0,0.30382911704835436,0.4972
3666,0.0008291199495805177,3666,0.0000968465099807266,0.999,0.30494940252531144,0.4996
3667,0.000827951850278283,3667,3.337131818712112e-7,1.0,0.30924237143425715,0.5002
3668,0.0008267844110741776,3668,2.615593605323089e-6,1.0,0.30953895307722545,0.4988
3669,0.0008256176324290881,3669,7.767138537842367e-6,1.0,0.3114159989924658,0.4966
3670,0.0008244515148036405,3670,0.00002494100775287561,1.0,0.3111742791675386,0.4993
3671,0.0008232860586581997,3671,4.349091702644208e-7,1.0,0.30992039811043515,0.5002
3672,0.0008221212644528692,3672,3.1024974954821767e-6,1.0,0.3125937981264932,0.502
3673,0.0008209571326474902,3673,0.000011880301920135545,1.0,0.31014861918631054,0.5026
3674,0.000819793663701644,3674,3.601822682986451e-6,1.0,0.30817603837876095,0.5023
3675,0.0008186308580746504,3675,2.9674979615600977e-6,1.0,0.30791658532051813,0.5028
3676,0.0008174687162255669,3676,5.705203434336865e-6,1.0,0.30749649377096266,0.5043
3677,0.0008163072386131872,3677,7.413239403928986e-7,1.0,0.3078599152110872,0.5044
3678,0.0008151464256960452,3678,2.0599397057960038e-7,1.0,0.30813506955192205,0.5048
3679,0.0008139862779324116,3679,8.309203450164119e-7,1.0,0.30729318601744515,0.505
3680,0.0008128267957802947,3680,9.64320897589048e-7,1.0,0.30675035119056704,0.505
3681,0.0008116679796974385,3681,1.920393902396643e-6,1.0,0.306493220726649,0.5044
3682,0.0008105098301413268,3682,3.189671284346895e-7,1.0,0.3079906154246557,0.5043
3683,0.0008093523475691768,3683,0.00001061948269917171,1.0,0.3088241940452939,0.5041
3684,0.0008081955324379455,3684,2.738386602173039e-6,1.0,0.3068509964715867,0.5049
3685,0.0008070393852043247,3685,1.881949323490062e-6,1.0,0.305667382478714,0.5054
3686,0.0008058839063247434,3686,1.472687947463263e-7,1.0,0.30723847775232227,0.5056
3687,0.0008047290962553672,3687,1.798565817929492e-6,1.0,0.30692312320073445,0.5052
3688,0.0008035749554520957,3688,9.288291677546026e-6,1.0,0.3073041762624468,0.5043
3689,0.0008024214843705649,3689,1.6092620498397991e-6,1.0,0.30605014590989976,0.5046
3690,0.0008012686834661476,3690,1.3641278586294988e-6,1.0,0.3103696942329407,0.5031
3691,0.0008001165531939514,3691,2.7923347815994064e-7,1.0,0.308365124464035,0.504
3692,0.0007989650940088189,3692,2.0025237527458253e-6,1.0,0.30751278372037977,0.5032
3693,0.0007978143063653289,3693,1.699289108663444e-6,1.0,0.3074850266888028,0.5032
3694,0.0007966641907177929,3694,5.322780692397698e-7,1.0,0.30793912836483545,0.5028
3695,0.0007955147475202592,3695,8.350353652986087e-8,1.0,0.30930652902239847,0.5024
3696,0.0007943659772265085,3696,2.483225751164008e-7,1.0,0.30746331072988964,0.5035
3697,0.0007932178802900582,3697,6.002152722352943e-7,1.0,0.30649326017924716,0.5024
3698,0.0007920704571641593,3698,1.6190539145133881e-6,1.0,0.3071815414088113,0.503
3699,0.0007909237083017947,3699,2.468894380280333e-6,1.0,0.3079332689444224,0.5027
3700,0.0007897776341556833,3700,2.708481955118086e-7,1.0,0.30907257738567534,0.5026
3701,0.0007886322351782776,3701,1.3979291781294834e-7,1.0,0.3081893307822091,0.5031
3702,0.0007874875118217634,3702,5.240530447687368e-8,1.0,0.30992276668548585,0.5027
3703,0.0007863434645380574,3703,3.947775311308717e-7,1.0,0.3082307077589489,0.5032
3704,0.0007852000937788137,3704,4.427552436004319e-7,1.0,0.307553391797202,0.5026
3705,0.0007840573999954148,3705,2.968993022650899e-7,1.0,0.3065819164117177,0.5034
3706,0.0007829153836389791,3706,9.813707708060195e-7,1.0,0.30752849862689063,0.5032
3707,0.0007817740451603564,3707,1.934887926324791e-6,1.0,0.3043102052949724,0.5029
3708,0.0007806333850101297,3708,6.119071779645916e-7,1.0,0.30550158449581694,0.5032
3709,0.0007794934036386134,3709,4.513951980454424e-7,1.0,0.3068185922645387,0.5039
3710,0.0007783541014958533,3710,9.627562007724897e-7,1.0,0.30536891534214927,0.5044
3711,0.000777215479031629,3711,7.74776112033053e-6,1.0,0.30492878698167347,0.5043
3712,0.0007760775366954492,3712,9.22967584434294e-7,1.0,0.3073986487729209,0.5036
3713,0.0007749402749365561,3713,1.1311578266229173e-6,1.0,0.30959199837275914,0.5034
3714,0.0007738036942039227,3714,2.8011525306699997e-7,1.0,0.3093626215344384,0.5035
3715,0.0007726677949462543,3715,3.003692238426733e-7,1.0,0.30803657117344085,0.5032
3716,0.0007715325776119839,3716,1.3192368289846205e-6,1.0,0.3085353155930837,0.5038
3717,0.0007703980426492779,3717,2.1634774632112957e-7,1.0,0.3095917162441072,0.5032
3718,0.0007692641905060341,3718,2.530243854437231e-7,1.0,0.3075112331481207,0.5035
3719,0.0007681310216298776,3719,8.158232226662676e-6,1.0,0.3069487072172619,0.5029
3720,0.000766998536468167,3720,7.186346424180642e-7,1.0,0.3076660704045069,0.501
3721,0.0007658667354679878,3721,1.4082193945544726e-6,1.0,0.30915558849062236,0.4998
3722,0.0007647356190761582,3722,3.392191671262405e-7,1.0,0.30740358318601335,0.5001
3723,0.0007636051877392248,3723,2.1558206682248922e-7,1.0,0.3096629015036992,0.4999
3724,0.0007624754419034641,3724,1.3187722033979385e-6,1.0,0.3094104551133655,0.4994
3725,0.0007613463820148828,3725,4.3575658112547985e-7,1.0,0.30907089852151415,0.4992
3726,0.0007602180085192149,3726,4.931056712583389e-7,1.0,0.3093430574451174,0.5002
3727,0.0007590903218619233,3727,2.897719937777765e-6,1.0,0.30991087683609553,0.4996
3728,0.0007579633224882021,3728,1.9173434524299454e-6,1.0,0.31093332512038097,0.4998
3729,0.0007568370108429729,3729,0.000010543231766408076,1.0,0.30966072735332306,0.4989
3730,0.0007557113873708852,3730,4.818260501270374e-7,1.0,0.3103041878768376,0.4991
3731,0.0007545864525163186,3731,1.6464832155872414e-7,1.0,0.3112153947353363,0.4982
3732,0.0007534622067233774,3732,3.635560124694491e-6,1.0,0.30969838613555545,0.4981
3733,0.0007523386504358974,3733,0.00022445370422552458,0.999,0.3121119135902041,0.4946
3734,0.0007512157840974413,3734,4.3186073849285764e-7,1.0,0.31574440399805703,0.4972
3735,0.0007500936081512975,3735,9.20726533322414e-7,1.0,0.3139005008197966,0.4983
3736,0.000748972123040484,3736,0.00003035959936189177,1.0,0.31041719572884696,0.4975
3737,0.0007478513292077461,3737,1.86502692570013e-7,1.0,0.30714614050728933,0.4967
3738,0.0007467312270955541,3738,6.158736389866568e-7,1.0,0.3096926112969716,0.4971
3739,0.0007456118171461069,3739,7.900666892353348e-7,1.0,0.3111266686802819,0.4968
3740,0.0007444930998013305,3740,2.9451798595692665e-7,1.0,0.3108562236740476,0.4965
3741,0.0007433750755028771,3741,4.175046653372084e-7,1.0,0.3109713279065632,0.4976
3742,0.0007422577446921242,3742,1.8920504562034e-7,1.0,0.31028469602266945,0.4956
3743,0.0007411411078101758,3743,0.000042253750514475996,0.999,0.31431615125565304,0.4989
3744,0.000740025165297863,3744,9.307230073201958e-7,1.0,0.3142660549708775,0.4989
3745,0.0007389099175957424,3745,0.000012206983832641072,1.0,0.3137995986711411,0.4996
3746,0.0007377953651440961,3746,2.1640715473159572e-6,1.0,0.3106891984031314,0.5006
3747,0.0007366815083829316,3747,2.8319258804220314e-6,1.0,0.3112620098250253,0.5006
3748,0.000735568347751983,3748,9.326173315774408e-6,1.0,0.309201203925269,0.5005
3749,0.000734455883690707,3749,2.3349220433100893e-6,1.0,0.30925815474419366,0.4989
3750,0.0007333441166382871,3750,5.394337957484584e-6,1.0,0.3101554986976442,0.4982
3751,0.0007322330470336311,3751,2.9886940512689025e-6,1.0,0.31009673107238045,0.4989
3752,0.0007311226753153722,3752,0.000054604754953097813,0.999,0.3094631742863428,0.4974
3753,0.0007300130019218684,3753,7.894988446956913e-6,1.0,0.30869811461085367,0.4971
3754,0.0007289040272911993,3754,5.257598745277478e-6,1.0,0.3073096811771393,0.4977
3755,0.0007277957518611717,3755,1.4992864363773065e-6,1.0,0.3067356277079809,0.4971
3756,0.0007266881760693157,3756,7.851983512063314e-7,1.0,0.30848498259271895,0.4987
3757,0.0007255813003528831,3757,3.0827456701639934e-7,1.0,0.3076281263714745,0.4983
3758,0.0007244751251488516,3758,2.222941270634324e-7,1.0,0.30913097517830984,0.4977
3759,0.0007233696508939228,3759,1.879548120105786e-7,1.0,0.3065742645944868,0.4989
3760,0.0007222648780245183,3760,8.931935358954693e-7,1.0,0.3076377462773096,0.4984
3761,0.0007211608069767864,3761,2.694591841423928e-6,1.0,0.30653660694758095,0.4985
3762,0.0007200574381865966,3762,1.0868387241609007e-6,1.0,0.30827926794687904,0.4986
3763,0.0007189547720895412,3763,3.5447649996253207e-7,1.0,0.30833704102607,0.4986
3764,0.000717852809120936,3764,4.4999150429161785e-7,1.0,0.3068797454947517,0.4985
3765,0.0007167515497158183,3765,0.000021266924885513356,1.0,0.3062771513348534,0.5005
3766,0.0007156509943089467,3766,2.8327938259681535e-7,1.0,0.3059084642501104,0.5018
3767,0.0007145511433348039,3767,0.000027707175189189704,1.0,0.3070189078648885,0.5011
3768,0.0007134519972275937,3768,4.4557189007204694e-7,1.0,0.3067580262819926,0.5019
3769,0.0007123535564212415,3769,2.9349171233845826e-6,1.0,0.3068071342649914,0.5015
3770,0.0007112558213493954,3770,9.717760778674542e-6,1.0,0.3061917857045219,0.5021
3771,0.0007101587924454216,3771,1.438377164761494e-6,1.0,0.30930851045108976,0.5012
3772,0.0007090624701424119,3772,5.386581684823406e-7,1.0,0.30856378759656633,0.5019
3773,0.0007079668548731754,3773,4.603878172661423e-7,1.0,0.3076895710967836,0.5027
3774,0.0007068719470702441,3774,3.149610489030931e-7,1.0,0.3064280614966438,0.501
3775,0.0007057777471658713,3775,1.430805956677735e-7,1.0,0.3065786285059793,0.5016
3776,0.0007046842555920279,3776,1.7158110797562846e-6,1.0,0.3072071399007525,0.5017
3777,0.0007035914727804082,3777,1.6667612722390653e-6,1.0,0.3068923839500972,0.5023
3778,0.0007024993991624255,3778,6.239472078900257e-7,1.0,0.305733011733918,0.5021
3779,0.0007014080351692138,3779,2.0759366703955385e-7,1.0,0.30728500797635033,0.5016
3780,0.0007003173812316247,3780,1.231657363188701e-7,1.0,0.30719951135771617,0.5016
3781,0.000699227437780233,3781,1.3404950710507603e-6,1.0,0.30782651589030313,0.5012
3782,0.0006981382052453293,3782,2.084616797996356e-6,1.0,0.3070678920972915,0.5023
3783,0.000697049684056926,3783,8.361900723587366e-7,1.0,0.3078199406464895,0.5032
3784,0.0006959618746447544,3784,1.5687898139491029e-6,1.0,0.3058501135735285,0.5027
3785,0.0006948747774382645,3785,3.6019682068756863e-7,1.0,0.30545372991334824,0.5029
3786,0.0006937883928666251,3786,4.184659533599361e-7,1.0,0.3046363753931863,0.5026
3787,0.0006927027213587229,3787,8.338600170565953e-7,1.0,0.30664606803939454,0.5025
3788,0.0006916177633431648,3788,3.0215633474637927e-7,1.0,0.3074163814385732,0.5014
3789,0.0006905335192482737,3789,0.00010009309572061349,0.999,0.31061430488313946,0.5004
3790,0.0006894499895020929,3790,0.00008062613305712251,0.999,0.31262058871132986,0.5011
3791,0.0006883671745323827,3791,3.187991909823852e-7,1.0,0.31020813158580235,0.5019
3792,0.0006872850747666218,3792,1.2424236853716831e-6,1.0,0.3076947137003853,0.5008
3793,0.0006862036906320048,3793,1.902481274148234e-6,1.0,0.3073023117723919,0.5017
3794,0.0006851230225554461,3794,0.00007321879697303706,0.999,0.30465041938282195,0.5033
3795,0.0006840430709635763,3795,6.302692906415143e-6,1.0,0.30442433300472443,0.5019
3796,0.0006829638362827425,3796,0.000039607400159709305,1.0,0.3062448476042066,0.4991
3797,0.0006818853189390103,3797,4.2330896487133685e-6,1.0,0.3060793419679006,0.4986
3798,0.0006808075193581603,3798,5.060196186724127e-7,1.0,0.3083599956262679,0.4992
3799,0.000679730437965691,3799,0.000025151480994758285,1.0,0.30775033689680553,0.5003
3800,0.0006786540751868175,3800,4.412389045461125e-7,1.0,0.3085073905331748,0.5023
3801,0.0006775784314464702,3801,2.407580534089621e-7,1.0,0.30852366771016804,0.5019
3802,0.0006765035071692975,3802,4.689751588129877e-7,1.0,0.3072871494860876,0.5023
3803,0.0006754293027796617,3803,0.000025664501595404738,1.0,0.3071146715255011,0.5038
3804,0.0006743558187016406,3804,4.4246169327352833e-7,1.0,0.308253713732674,0.5032
3805,0.0006732830553590299,3805,3.700032551499194e-6,1.0,0.309953834045501,0.5037
3806,0.0006722110131753391,3806,5.819682561044223e-7,1.0,0.30794692522003536,0.5021
3807,0.0006711396925737938,3807,1.0681348654662499e-6,1.0,0.3086589007150559,0.502
3808,0.0006700690939773352,3808,0.000027615828027397322,1.0,0.3086366959980556,0.5018
3809,0.0006689992178086168,3809,8.4149316746464e-7,1.0,0.30777973248845053,0.5025
3810,0.0006679300644900105,3810,2.2962130928524025e-6,1.0,0.308147360597338,0.5027
3811,0.0006668616344435999,3811,5.717844216303006e-7,1.0,0.31002143820126854,0.5022
3812,0.0006657939280911843,3812,7.213264435704116e-7,1.0,0.3082569653079623,0.502
3813,0.000664726945854278,3813,4.347184484134102e-7,1.0,0.3083475200902848,0.5021
3814,0.0006636606881541088,3814,8.65777004340392e-6,1.0,0.31065142779123217,0.5032
3815,0.0006625951554116176,3815,3.6735030611063327e-7,1.0,0.3110379871867952,0.5029
3816,0.0006615303480474598,3816,5.256936441288048e-7,1.0,0.310151941151846,0.5027
3817,0.000660466266482005,3817,8.27533016723421e-6,1.0,0.30987176384244647,0.5027
3818,0.0006594029111353362,3818,0.000010869883623294235,1.0,0.3086063016028631,0.5048
3819,0.000658340282427249,3819,2.1986180539237294e-6,1.0,0.3092938552300135,0.5052
3820,0.0006572783807772511,3820,2.945544320623196e-7,1.0,0.3092346509297689,0.5056
3821,0.000656217206604565,3821,8.104961015728154e-6,1.0,0.3083736763114021,0.505
3822,0.0006551567603281263,3822,4.672126916883626e-7,1.0,0.3100781066077096,0.5049
3823,0.0006540970423665819,3823,3.505929673982185e-7,1.0,0.31186922419638863,0.5025
3824,0.0006530380531382916,3824,1.8620826599165716e-7,1.0,0.3110832325049809,0.5042
3825,0.0006519797930613284,3825,3.0497289925181447e-7,1.0,0.31045636790139336,0.5048
3826,0.000650922262553476,3826,3.4856994554659306e-6,1.0,0.31077982357570105,0.5038
3827,0.0006498654620322299,3827,7.0206193640842685e-6,1.0,0.3100112747578394,0.5038
3828,0.0006488093919147988,3828,4.193822638583134e-7,1.0,0.3092789999076298,0.5038
3829,0.0006477540526181026,3829,1.76929841123026e-6,1.0,0.30897970824014576,0.5043
3830,0.0006466994445587733,3830,1.1720743791394333e-7,1.0,0.3090908811205909,0.5054
3831,0.0006456455681531519,3831,1.1774220516664563e-6,1.0,0.31015560314768836,0.5055
3832,0.0006445924238172928,3832,4.235129825671958e-8,1.0,0.30868389918690636,0.5055
3833,0.0006435400119669616,3833,0.000050708064226647644,0.999,0.30632075610614956,0.5039
3834,0.0006424883330176323,3834,3.152316797774174e-6,1.0,0.3058378128778367,0.5049
3835,0.000641437387384492,3835,7.5984180167748286e-6,1.0,0.3071085992313567,0.5043
3836,0.0006403871754824376,3836,5.151717076553755e-6,1.0,0.3073006368818737,0.5049
3837,0.0006393376977260751,3837,2.428386731066569e-7,1.0,0.30779016188212804,0.505
3838,0.0006382889545297224,3838,5.126353981733614e-7,1.0,0.30670315396218073,0.5057
3839,0.0006372409463074066,3839,2.1025050816972236e-6,1.0,0.3066901553244818,0.5058
3840,0.0006361936734728654,3840,2.11024430099439e-7,1.0,0.3083417500768389,0.5063
3841,0.0006351471364395445,3841,1.908755833602256e-7,1.0,0.30810627823784237,0.5051
3842,0.0006341013356206011,3842,8.464668373638536e-8,1.0,0.3079684734344482,0.5059
3843,0.0006330562714288995,3843,1.803523984547507e-7,1.0,0.3071260954652514,0.5047
3844,0.0006320119442770153,3844,2.755551171790536e-7,1.0,0.30874244003068835,0.5041
3845,0.0006309683545772324,3845,7.223443490340336e-7,1.0,0.3079961802278246,0.5044
3846,0.0006299255027415432,3846,1.6391677585640233e-7,1.0,0.3078598882470812,0.5045
3847,0.00062888338918165,3847,2.2509628933285002e-6,1.0,0.30717103793507533,0.5049
3848,0.0006278420143089613,3848,1.1989892304395004e-7,1.0,0.30877211689949036,0.5044
3849,0.0006268013785345966,3849,6.172957030616187e-7,1.0,0.308354567913782,0.5051
3850,0.0006257614822693816,3850,1.227404049720078e-7,1.0,0.31037484861555553,0.5045
3851,0.0006247223259238507,3851,1.4093461576605717e-7,1.0,0.30952327592032297,0.5045
3852,0.0006236839099082473,3852,2.3418344918284327e-7,1.0,0.3091379852521987,0.5049
3853,0.0006226462346325218,3853,9.212807211291701e-8,1.0,0.31043767418180196,0.5044
3854,0.0006216093005063303,3854,1.4201482175209213e-6,1.0,0.3086222452776773,0.5046
3855,0.0006205731079390391,3855,2.8778486167658186e-7,1.0,0.30878585548627946,0.505
3856,0.0006195376573397215,3856,1.0098474847876019e-7,1.0,0.30962107947894507,0.5056
3857,0.000618502949117155,3857,3.860241271186602e-7,1.0,0.30902335076105025,0.5051
3858,0.0006174689836798279,3858,6.92602272676725e-8,1.0,0.30903059755052836,0.5062
3859,0.0006164357614359316,3859,1.2099809300111918e-6,1.0,0.30903032138234093,0.5058
3860,0.0006154032827933669,3860,2.128733749612046e-6,1.0,0.309725600764865,0.5062
3861,0.00061437154815974,3861,0.00007843594968971415,0.999,0.3121726044586727,0.5063
3862,0.0006133405579423634,3862,7.899530832641436e-8,1.0,0.31065352388790674,0.5072
3863,0.000612310312548256,3863,1.383650089318659e-7,1.0,0.30945837327412196,0.505
3864,0.0006112808123841421,3864,5.000071669295872e-7,1.0,0.30808640207563126,0.5062
3865,0.0006102520578564514,3865,3.295340443906912e-7,1.0,0.3089613378047943,0.5058
3866,0.0006092240493713203,3866,5.682336326764298e-7,1.0,0.3069798844201224,0.5066
3867,0.0006081967873345901,3867,8.364777983499174e-8,1.0,0.3067959725856781,0.5054
3868,0.0006071702721518083,3868,6.401492127917577e-8,1.0,0.3058286039602189,0.5056
3869,0.0006061445042282269,3869,9.915195437180219e-8,1.0,0.30722020921253024,0.5057
3870,0.0006051194839688015,3870,1.046500836125796e-6,1.0,0.3072576361043113,0.5052
3871,0.000604095211778195,3871,0.000014985303731272043,1.0,0.3038469670783906,0.5069
3872,0.0006030716880607742,3872,4.168365328672237e-7,1.0,0.3045383090064639,0.5071
3873,0.0006020489132206086,3873,2.5835964055973124e-7,1.0,0.30295011003812156,0.5082
3874,0.0006010268876614744,3874,5.950490225426988e-8,1.0,0.3034432433900379,0.5079
3875,0.0006000056117868516,3875,1.2739284776281628e-7,1.0,0.30304541076932634,0.5087
3876,0.0005989850859999224,3876,4.2499786310318517e-7,1.0,0.3065958744003659,0.5085
3877,0.0005979653107035751,3877,1.4020823342553697e-7,1.0,0.30546353317442393,0.5079
3878,0.0005969462863004007,3878,1.6839414028270638e-7,1.0,0.30530087323415844,0.5072
3879,0.0005959280131926947,3879,4.2941977846615894e-8,1.0,0.30352954807735627,0.5072
3880,0.0005949104917824546,3880,8.255813439867714e-7,1.0,0.30265374637785414,0.5075
3881,0.0005938937224713805,3881,0.000033842885876314964,1.0,0.30427928339867366,0.5094
3882,0.000592877705660878,3882,8.880838212969404e-8,1.0,0.30674999498185657,0.5083
3883,0.0005918624417520543,3883,4.2380582347216017e-7,1.0,0.3086140127409072,0.5071
3884,0.0005908479311457196,3884,1.887779227245579e-6,1.0,0.30858185773804075,0.5065
3885,0.0005898341742423863,3885,1.0223630919625748e-7,1.0,0.30984773749396916,0.5067
3886,0.0005888211714422709,3886,0.000010175295905750794,1.0,0.30669460523696174,0.5066
3887,0.0005878089231452896,3887,9.425275459577841e-8,1.0,0.30490300116084873,0.5082
3888,0.0005867974297510615,3888,8.25552733983516e-7,1.0,0.3054478171325865,0.5084
3889,0.0005857866916589086,3889,1.295640567108979e-7,1.0,0.30556256089891703,0.5091
3890,0.0005847767092678546,3890,3.286298936681457e-7,1.0,0.3038245635373252,0.5094
3891,0.0005837674829766254,3891,3.763368355571455e-8,1.0,0.30433706328982396,0.5081
3892,0.000582759013183646,3892,6.586687335235248e-8,1.0,0.3058374274344671,0.5079
3893,0.0005817513002870447,3893,9.133192394964832e-7,1.0,0.3070453677858625,0.5071
3894,0.0005807443446846519,3894,3.9222030829526896e-8,1.0,0.305740331468128,0.5071
3895,0.0005797381467739956,3895,3.233741564470517e-7,1.0,0.3052091414020175,0.5074
3896,0.0005787327069523082,3896,6.437204917680057e-7,1.0,0.30449234076908654,0.508
3897,0.0005777280256165215,3897,2.0421751485633606e-7,1.0,0.3041603454521724,0.5075
3898,0.0005767241031632669,3898,1.0590041825475099e-6,1.0,0.3063776842185429,0.5081
3899,0.0005757209399888774,3899,9.911629246874197e-7,1.0,0.304725269192741,0.5078
3900,0.0005747185364893861,3900,2.3012373323318853e-7,1.0,0.3024986553759802,0.5086
3901,0.0005737168930605263,3901,1.184906305729512e-6,1.0,0.30339325992834,0.5079
3902,0.000572716010097731,3902,9.704154453549746e-7,1.0,0.30246378765219734,0.5081
3903,0.0005717158879961329,3903,1.3933667043444655e-7,1.0,0.30372411282289596,0.509
3904,0.0005707165271505632,3904,1.934811892500052e-7,1.0,0.30470740454537526,0.5078
3905,0.0005697179279555547,3905,5.029181184517435e-7,1.0,0.30549371781803314,0.5087
3906,0.0005687200908053386,3906,1.5072090183328632e-7,1.0,0.3054057845047542,0.5089
3907,0.0005677230160938449,3907,2.9929817777602214e-7,1.0,0.3047141608737764,0.5078
3908,0.000566726704214704,3908,1.1669562518417955e-7,1.0,0.30620854440189543,0.5083
3909,0.000565731155561242,3909,1.634829988209471e-7,1.0,0.3058893813973381,0.5092
3910,0.0005647363705264879,3910,2.409806089448672e-6,1.0,0.30499870833896453,0.5088
3911,0.0005637423495031653,3911,5.955161830963261e-7,1.0,0.30435721022742135,0.5087
3912,0.0005627490928836986,3912,2.2866269724258494e-7,1.0,0.3050401136988685,0.5093
3913,0.000561756601060211,3913,1.1772032292882494e-7,1.0,0.3046494327840351,0.5082
3914,0.0005607648744245203,3914,1.6383123234761785e-7,1.0,0.3036518267222813,0.5085
3915,0.0005597739133681459,3915,7.246672916765072e-8,1.0,0.30431904452187675,0.5082
3916,0.0005587837182823031,3916,9.101282724291845e-8,1.0,0.30546863277753195,0.5072
3917,0.0005577942895579062,3917,7.900511567711311e-8,1.0,0.30658479304540726,0.5071
3918,0.0005568056275855644,3918,8.420916459377687e-8,1.0,0.3050984606856392,0.5069
3919,0.0005558177327555873,3919,4.962094790088367e-8,1.0,0.30370451041630336,0.5085
3920,0.0005548306054579786,3920,3.7894009335694873e-7,1.0,0.3053611832005637,0.5081
3921,0.0005538442460824415,3921,7.760523939872482e-8,1.0,0.3047354309331803,0.5095
3922,0.0005528586550183746,3922,1.2486581275828442e-7,1.0,0.30386628395035153,0.5082
3923,0.0005518738326548743,3923,3.28124487327029e-7,1.0,0.30554685166903905,0.5086
3924,0.0005508897793807328,3924,5.301118321030106e-8,1.0,0.30493320255052475,0.5083
3925,0.000549906495584438,3925,9.162256333522258e-8,1.0,0.3046471187046596,0.5075
3926,0.0005489239816541759,3926,8.692301773598793e-8,1.0,0.3044075999941145,0.5082
3927,0.0005479422379778261,3927,0.000011671205842540238,1.0,0.30462558014052254,0.5082
3928,0.000546961264942966,3928,2.1994777351811274e-7,1.0,0.30458131205467953,0.5088
3929,0.0005459810629368685,3929,1.0284188598285753e-6,1.0,0.30518613088698615,0.5091
3930,0.0005450016323465022,3930,7.698462354372146e-7,1.0,0.30520326154572625,0.508
3931,0.0005440229735585297,3931,2.2402240063001955e-7,1.0,0.3043237629390898,0.5091
3932,0.0005430450869593103,3932,4.799101966617465e-8,1.0,0.30520849582694826,0.5088
3933,0.0005420679729348992,3933,5.719446573491739e-8,1.0,0.30410250538871403,0.5086
3934,0.0005410916318710443,3934,6.3989717651631e-8,1.0,0.3022190423238845,0.5096
3935,0.0005401160641531905,3935,1.5230829795259957e-7,1.0,0.3041686963467371,0.5081
3936,0.0005391412701664753,3936,3.274771201301432e-8,1.0,0.3028303820462454,0.509
3937,0.0005381672502957325,3937,1.5882148958941875e-7,1.0,0.30274938685553415,0.5096
3938,0.0005371940049254901,3938,1.0243770259556922e-7,1.0,0.3036913832028707,0.5098
3939,0.0005362215344399693,3939,2.961177023797475e-7,1.0,0.3054316171577999,0.5079
3940,0.0005352498392230875,3940,3.5320012497799153e-7,1.0,0.3058145100162143,0.5088
3941,0.0005342789196584536,3941,1.1723001524019526e-7,1.0,0.30437838378406706,0.5097
3942,0.0005333087761293701,3942,3.4458635587682128e-6,1.0,0.30490849699292866,0.5097
3943,0.0005323394090188358,3943,5.528659927750688e-8,1.0,0.3070039786043621,0.5084
3944,0.000531370818709541,3944,1.4888891993377248e-7,1.0,0.30625724678947813,0.509
3945,0.0005304030055838697,3945,6.983945908996722e-7,1.0,0.30630116916838146,0.5079
3946,0.0005294359700239002,3946,4.877929205533638e-8,1.0,0.3047976085117885,0.5084
3947,0.0005284697124114013,3947,0.000019633062206795653,1.0,0.3034727848711468,0.5113
3948,0.0005275042331278376,3948,9.12179217662935e-8,1.0,0.30156047273249853,0.5114
3949,0.000526539532554364,3949,1.192778795944789e-7,1.0,0.30015326227460587,0.5128
3950,0.0005255756110718291,3950,6.397345589989743e-7,1.0,0.29990069497199284,0.5123
3951,0.000524612469060774,3951,5.5047908157727456e-8,1.0,0.2998820500714438,0.5123
3952,0.0005236501069014327,3952,2.0289003171705018e-7,1.0,0.3000754884311131,0.5139
3953,0.0005226885249737292,3953,2.0863899188211257e-7,1.0,0.3008384608087086,0.5133
3954,0.0005217277236572817,3954,1.440693507350131e-7,1.0,0.29984200937407357,0.5128
3955,0.000520767703331399,3955,1.9177684972335316e-7,1.0,0.29948545836267015,0.513
3956,0.0005198084643750825,3956,5.711298673951487e-6,1.0,0.2989997657991591,0.513
3957,0.0005188500071670244,3957,1.5111315644303216e-7,1.0,0.3008576949437459,0.5125
3958,0.0005178923320856072,3958,1.3847019048845205e-7,1.0,0.3010969028586433,0.5126
3959,0.0005169354395089069,3959,8.584804266406753e-8,1.0,0.29977701164427256,0.5121
3960,0.0005159793298146892,3960,2.6684428888756884e-7,1.0,0.30123779347964696,0.5119
3961,0.0005150240033804115,3961,3.7314367638091856e-7,1.0,0.3016446749369303,0.5115
3962,0.000514069460583221,3962,4.6409511560747365e-7,1.0,0.30165369709332784,0.5118
3963,0.0005131157017999573,3963,1.4688128679890291e-6,1.0,0.30207205755370004,0.512
3964,0.0005121627274071484,3964,2.8321016203102815e-7,1.0,0.30187186286562967,0.5114
3965,0.0005112105377810127,3965,1.566977384673659e-7,1.0,0.3020608521643139,0.512
3966,0.0005102591332974603,3966,1.075552384932621e-7,1.0,0.3008590320746104,0.5124
3967,0.0005093085143320907,3967,4.0806641625545396e-7,1.0,0.30237138980910894,0.5119
3968,0.0005083586812601939,3968,8.982797873155082e-7,1.0,0.3017983078956604,0.5122
3969,0.0005074096344567473,3969,2.7837165055594984e-7,1.0,0.3018931371825082,0.5119
3970,0.0005064613742964209,3970,1.4537720436992784e-7,1.0,0.3026683637074062,0.5118
3971,0.0005055139011535727,3971,1.4365259386261457e-7,1.0,0.3035302556696392,0.5118
3972,0.0005045672154022492,3972,7.324617983039432e-8,1.0,0.30333709035600936,0.5121
3973,0.0005036213174161876,3973,2.456985591489261e-7,1.0,0.30270278794424876,0.5118
3974,0.0005026762075688139,3974,3.5173131903339555e-7,1.0,0.30286532157943363,0.5124
3975,0.0005017318862332414,3975,8.139543532303421e-8,1.0,0.30506701923552015,0.5118
3976,0.0005007883537822734,3976,1.0861092486755925e-7,1.0,0.304254937171936,0.5125
3977,0.0004998456105884024,3977,1.1697747024998404e-7,1.0,0.3027634447529202,0.5119
3978,0.0004989036570238083,3978,1.7681727100471974e-7,1.0,0.30234769980112713,0.512
3979,0.0004979624934603587,3979,6.246710235640898e-7,1.0,0.30303744475046795,0.5128
3980,0.0004970221202696112,3980,1.1779094829681266e-7,1.0,0.30310994386672974,0.513
3981,0.0004960825378228089,3981,3.970028830970645e-6,1.0,0.30255360660098846,0.5113
3982,0.0004951437464908846,3982,3.468893743680772e-8,1.0,0.30197449638730006,0.5119
3983,0.0004942057466444583,3983,3.6516183685296793e-8,1.0,0.3008874617871784,0.5128
3984,0.0004932685386538377,3984,5.936843228666822e-8,1.0,0.30114920366378056,0.5124
3985,0.0004923321228890182,3985,3.454442576328056e-7,1.0,0.301126282839548,0.5122
3986,0.0004913964997196807,3986,3.910038012731677e-7,1.0,0.3005966305732727,0.5124
3987,0.0004904616695151956,3987,4.874333849140081e-7,1.0,0.30116845709936957,0.5127
3988,0.0004895276326446177,3988,1.7570037754869157e-7,1.0,0.30261507630348206,0.5116
3989,0.0004885943894766906,3989,1.053048345665632e-7,1.0,0.3011284186726525,0.5109
3990,0.00048766194037984487,3990,1.6860919686900204e-7,1.0,0.30107355742227465,0.5115
3991,0.000486730285722195,3991,5.5883855088452384e-8,1.0,0.30201950924737114,0.512
3992,0.0004857994258715445,3992,2.0686398625814816e-7,1.0,0.3041347858451662,0.5122
3993,0.0004848693611953816,3993,9.282429614372524e-8,1.0,0.3031084902229763,0.5123
3994,0.0004839400920608821,3994,5.078687630021336e-7,1.0,0.30215029418468475,0.5122
3995,0.0004830116188349056,3995,1.4069515956515759e-7,1.0,0.30089938867659793,0.5122
3996,0.00048208394188399946,3996,1.0738400188107075e-7,1.0,0.30158379418509346,0.5115
3997,0.0004811570615743948,3997,2.621171653906967e-7,1.0,0.3029968505813962,0.5113
3998,0.00048023097827201006,3998,4.2779191376597835e-7,1.0,0.3026017115229652,0.5115
3999,0.00047930569234244815,3999,8.96889463438318e-8,1.0,0.302280939192999,0.5115
4000,0.00047838120415099705,4000,3.34032191536456e-8,1.0,0.30216750729651676,0.512
4001,0.00047745751406263125,4001,8.020329259987118e-8,1.0,0.3029232993012383,0.5128
4002,0.0004765346224420077,4002,1.0814142470394472e-7,1.0,0.30275661320913405,0.5127
4003,0.0004756125296534693,4003,1.0277631114417676e-7,1.0,0.3025090938522702,0.5121
4004,0.0004746912360610441,4004,6.444290466758741e-6,1.0,0.30239216600145613,0.5118
4005,0.0004737707420284439,4005,8.90231936844814e-8,1.0,0.30457552472750343,0.5106
4006,0.0004728510479190658,4006,4.488923531299958e-8,1.0,0.3046494702498118,0.5101
4007,0.00047193215409599046,4007,7.447851977477036e-8,1.0,0.30462658745901927,0.5092
4008,0.00047101406092198194,4008,2.19841438293889e-6,1.0,0.3037287056446075,0.5099
4009,0.00047009676875948915,4009,2.0531971847571553e-8,1.0,0.30309422583807083,0.5099
4010,0.0004691802779706452,4010,2.0433834224675707e-7,1.0,0.30237811718668256,0.5105
4011,0.00046826458891726475,4011,4.7152546692582777e-7,1.0,0.3030579811050778,0.5105
4012,0.000467349701960849,4012,4.89763537306739e-6,1.0,0.3052637855211894,0.51
4013,0.0004664356174625791,4013,3.05738403144893e-7,1.0,0.3045731635320754,0.511
4014,0.00046552233578332205,4014,4.972408983185855e-7,1.0,0.3044788181781769,0.5108
4015,0.00046460985728362706,4015,5.80733184292404e-8,1.0,0.3055409059638069,0.5114
4016,0.00046369818232372596,4016,8.430752866199025e-8,1.0,0.3043802218777793,0.5118
4017,0.00046278731126353414,4017,3.3494982728162387e-7,1.0,0.30333307073229837,0.5111
4018,0.00046187724446264893,4018,3.160282701351153e-7,1.0,0.30342513010615396,0.5111
4019,0.00046096798228034913,4019,5.934050883687243e-6,1.0,0.30449838425431935,0.5114
4020,0.0004600595250755979,4020,6.636180084604976e-7,1.0,0.3037188538483211,0.5124
4021,0.00045915187320703986,4021,6.222333573259134e-8,1.0,0.30445623028846014,0.5133
4022,0.00045824502703300125,4022,1.5739345431631774e-6,1.0,0.3040283461411794,0.5126
4023,0.00045733898691149155,4023,6.127422832828225e-7,1.0,0.30489742982955204,0.5127
4024,0.0004564337532001999,4024,2.4762907440980426e-7,1.0,0.30407761335372924,0.5118
4025,0.00045552932625649907,4025,1.8856381408686014e-7,1.0,0.3049839553378877,0.5121
4026,0.00045462570643744143,4026,1.0291929475854323e-7,1.0,0.3041753328981854,0.5126
4027,0.00045372289409976226,4027,5.799749472213902e-8,1.0,0.3038939924467178,0.5128
4028,0.0004528208895998781,4028,2.5288791928260037e-8,1.0,0.304424452214014,0.5124
4029,0.00045191969329388596,4029,1.6316639282027132e-7,1.0,0.3030590221995399,0.5127
4030,0.000451019305537563,4030,0.000019211863597302593,1.0,0.3032919665177663,0.5151
4031,0.0004501197266863688,4031,1.0982414706751072e-7,1.0,0.3022018150204704,0.5154
4032,0.00044922095709544306,4032,1.4555762428174256e-7,1.0,0.3036965770380838,0.5151
4033,0.0004483229971196051,4033,1.789308180986739e-7,1.0,0.30311525151843116,0.5144
4034,0.00044742584711335607,4034,2.6293556749868416e-8,1.0,0.30384911185219177,0.5125
4035,0.00044652950743087535,4035,1.1487093657656205e-6,1.0,0.3054332633813222,0.5129
4036,0.00044563397842602436,4036,1.9808940219351576e-7,1.0,0.3047458821818942,0.5137
4037,0.0004447392604523439,4037,1.8966150306149693e-6,1.0,0.3050248222691672,0.5138
4038,0.0004438453538630543,4038,1.5211196433656802e-7,1.0,0.30471246526354834,0.5136
4039,0.0004429522590110557,4039,4.7978852757001366e-6,1.0,0.30438053891772315,0.5123
4040,0.00044205997624892883,4040,1.5042786952587255e-7,1.0,0.3048681066149757,0.513
4041,0.00044116850592893164,4041,2.766204249787003e-7,1.0,0.3067979449317569,0.5129
4042,0.000440277848403002,4042,6.853596596488928e-7,1.0,0.3058735052744547,0.5122
4043,0.00043938800402275823,4043,5.931095885324837e-8,1.0,0.30608770705404736,0.512
4044,0.00043849897313949667,4044,9.682727212615798e-8,1.0,0.30597167639505296,0.5116
4045,0.0004376107561041933,4045,8.578529290100992e-8,1.0,0.3051680806137267,0.5121
4046,0.00043672335326750073,4046,2.9729882088433544e-6,1.0,0.3053145485264914,0.5126
4047,0.00043583676497975255,4047,4.3403151337545727e-8,1.0,0.3061560647828238,0.5129
4048,0.0004349509915909599,4048,9.237990182344089e-8,1.0,0.3047027840500786,0.514
4049,0.0004340660334508112,4049,8.594966934997014e-8,1.0,0.30467542409896853,0.5136
4050,0.0004331818909086743,4050,4.31564322056488e-8,1.0,0.3054735274541946,0.5131
4051,0.00043229856431359543,4051,6.303692425189769e-8,1.0,0.3034504487400963,0.5133
4052,0.00043141605401429695,4052,2.0139541308713169e-7,1.0,0.3049623946348826,0.5128
4053,0.0004305343603591799,4053,7.452219683673753e-8,1.0,0.30505834420522054,0.5137
4054,0.00042965348369632366,4054,4.90837928989238e-7,1.0,0.30461391778219316,0.514
4055,0.0004287734243734845,4055,1.4429957220652937e-7,1.0,0.3041187868231819,0.5146
4056,0.00042789418273809555,4056,1.7048600093565775e-7,1.0,0.30416060714494614,0.5143
4057,0.000427015759137267,4057,1.802829117061205e-6,1.0,0.30496490200360615,0.5137
4058,0.00042613815391778667,4058,1.5142854707727608e-7,1.0,0.30359738923254465,0.5137
4059,0.00042526136742611993,4059,1.1350171600471846e-7,1.0,0.30472331359272914,0.5141
4060,0.0004243854000084074,4060,3.359686062052804e-7,1.0,0.30373935671079727,0.5135
4061,0.00042351025201046777,4061,6.385756516162171e-8,1.0,0.30441332431066603,0.5141
4062,0.000422635923777796,4062,1.14255174422069e-7,1.0,0.3062617784454709,0.5141
4063,0.00042176241565556184,4063,1.0294679132441399e-7,1.0,0.3040325130735125,0.5139
4064,0.00042088972798861365,4064,8.350276227089704e-9,1.0,0.3035786671297891,0.5135
4065,0.0004200178611214733,4065,6.875746932657361e-8,1.0,0.3036227291538602,0.5137
4066,0.000419146815398341,4066,1.1107854625097821e-6,1.0,0.3035870625859215,0.5135
4067,0.00041827659116309225,4067,2.8751050598497754e-8,1.0,0.3059255619843801,0.5137
4068,0.00041740718875927645,4068,1.3679920557187925e-7,1.0,0.3064915574732281,0.5125
4069,0.0004165386085301209,4069,1.2768134536957275e-7,1.0,0.3061178533803849,0.5132
4070,0.00041567085081852667,4070,2.1865205942125007e-7,1.0,0.3060192658787682,0.5141
4071,0.0004148039159670719,4071,7.696076675680513e-8,1.0,0.30413546562194826,0.5139
4072,0.0004139378043180075,4072,4.732385017615029e-7,1.0,0.3055180705728985,0.5139
4073,0.00041307251621326143,4073,5.633966734834638e-7,1.0,0.30522430652663823,0.513
4074,0.00041220805199443513,4074,2.3225440301136553e-7,1.0,0.30383379445189523,0.5132
4075,0.0004113444120028053,4075,4.881592857983836e-8,1.0,0.304789431038357,0.5139
4076,0.000410481596579324,4076,3.732741108800989e-8,1.0,0.30369182030359904,0.5127
4077,0.00040961960606461647,4077,4.907596204126835e-7,1.0,0.3020188385532016,0.5128
4078,0.0004087584407989841,4078,5.2811129268634647e-8,1.0,0.3024436828635988,0.5136
4079,0.0004078981011224003,4079,5.442052286057441e-8,1.0,0.3024875592617762,0.5145
4080,0.0004070385873745133,4080,1.700847043312457e-7,1.0,0.3030233613082341,0.5143
4081,0.0004061798998946456,4081,2.3439813907833425e-7,1.0,0.303682911112195,0.5138
4082,0.0004053220390217938,4082,6.148774942749653e-7,1.0,0.3023792298067184,0.5138
4083,0.00040446500509462775,4083,6.027952190311766e-8,1.0,0.303391508829026,0.5142
4084,0.00040360879845149135,4084,4.030964431662943e-7,1.0,0.3056318161033449,0.5129
4085,0.0004027534194304003,4085,3.3030052217140696e-8,1.0,0.30516115597316196,0.5141
4086,0.0004018988683690458,4086,2.7706117590651858e-8,1.0,0.3036232042880285,0.514
4087,0.00040104514560479005,4087,1.7067951868774516e-6,1.0,0.3042099983919235,0.5144
4088,0.00040019225147467003,4088,7.928393095485695e-8,1.0,0.30265679955482483,0.5139
4089,0.0003993401863153948,4089,5.835493922999392e-8,1.0,0.3052208295890263,0.5136
4090,0.00039848895046334546,4090,2.520303381865168e-8,1.0,0.30496302318005336,0.5129
4091,0.0003976385442545772,4091,3.766647646801553e-7,1.0,0.30533667036465234,0.5141
4092,0.00039678896802481663,4092,7.145605290539319e-8,1.0,0.30384649407295955,0.5146
4093,0.0003959402221094627,4093,1.613925918623035e-7,1.0,0.30475406958943324,0.5139
4094,0.000395092306843588,4094,9.95505934829412e-8,1.0,0.3041012551103319,0.5131
4095,0.0003942452225619353,4095,6.304920065401478e-8,1.0,0.3036577772526514,0.5132
4096,0.0003933989695989196,4096,1.1651547817575782e-7,1.0,0.30441561823799496,0.5132
4097,0.00039255354828862833,4097,1.1242915195655964e-7,1.0,0.30612251730192275,0.5133
4098,0.0003917089589648207,4098,1.1980226925844577e-7,1.0,0.3065771349838802,0.5132
4099,0.00039086520196092715,4099,1.7191655350095353e-7,1.0,0.30608819070316495,0.5139
4100,0.0003900222776100504,4100,3.065817965634887e-8,1.0,0.30642695285025096,0.5135
4101,0.0003891801862449621,4101,2.360156770126174e-7,1.0,0.3047719092596145,0.5143
4102,0.0003883389281981079,4102,2.597339247382517e-7,1.0,0.30415798737889244,0.5141
4103,0.00038749850380160217,4103,2.3613109017312744e-7,1.0,0.30546307279950097,0.5141
4104,0.0003866589133872315,4104,3.9785646269560205e-8,1.0,0.30319464178312394,0.5136
4105,0.00038582015728645284,4105,3.118989588929686e-7,1.0,0.30433959719680603,0.5139
4106,0.0003849822358303945,4106,1.653488180237906e-7,1.0,0.30331728657086693,0.5136
4107,0.0003841451493498535,4107,4.1181502800450666e-8,1.0,0.30375524248395647,0.5136
4108,0.0003833088981752992,4108,8.517342183925588e-8,1.0,0.3034367181005932,0.5136
4109,0.00038247348263687007,4109,1.7186195070248038e-7,1.0,0.3039639433224996,0.514
4110,0.00038163890306437437,4110,3.9234243790328294e-8,1.0,0.3037050355048407,0.5137
4111,0.0003808051597872922,4111,6.226159003982648e-6,1.0,0.3026256785506294,0.5149
4112,0.00037997225313477075,4112,6.92712537066936e-8,1.0,0.3048130500884283,0.5134
4113,0.0003791401834356287,4113,7.04063353438417e-8,1.0,0.3045785410063607,0.5133
4114,0.0003783089510183546,4114,1.1361922080425978e-7,1.0,0.30466039606503076,0.5141
4115,0.0003774785562111055,4115,2.608681939247639e-7,1.0,0.3041108171145121,0.5136
4116,0.00037664899934170855,4116,1.5853104577227366e-6,1.0,0.30295598081180025,0.5149
4117,0.0003758202807376588,4117,4.482944132313432e-8,1.0,0.3040955256848108,0.5158
4118,0.00037499240072612247,4118,2.50904137593417e-7,1.0,0.3028708338737488,0.5157
4119,0.0003741653596339318,4119,5.453531251983382e-8,1.0,0.30524596117791675,0.5145
4120,0.00037333915778759065,4120,1.7313230309718667e-8,1.0,0.3047627168042319,0.5145
4121,0.00037251379551327,4121,1.7980439156620571e-7,1.0,0.30279912040347146,0.5142
4122,0.00037168927313681083,4122,3.888862231180145e-8,1.0,0.30246079450561886,0.5138
4123,0.00037086559098371976,4123,4.850137273814696e-8,1.0,0.3037457755633763,0.5146
4124,0.00037004274937917477,4124,2.2025335510988953e-7,1.0,0.3057216218539647,0.514
4125,0.00036922074864802066,4125,7.631203512489936e-8,1.0,0.3045067682152703,0.5144
4126,0.00036839958911476933,4126,1.523859888222102e-7,1.0,0.30307334689866927,0.5143
4127,0.0003675792711036022,4127,3.654373963223904e-8,1.0,0.3027634847731817,0.5139
4128,0.00036675979493836863,4128,2.451683897167608e-8,1.0,0.3027025171688625,0.5136
4129,0.0003659411609425831,4129,7.233564718640245e-8,1.0,0.3039571282409486,0.5136
4130,0.00036512336943943046,4130,9.327988218880516e-8,1.0,0.30410257577896116,0.5139
4131,0.0003643064207517616,4131,8.810706255585068e-8,1.0,0.3027257158642723,0.5139
4132,0.00036349031520209555,4132,4.8531599099243564e-8,1.0,0.3048336386680603,0.5131
4133,0.00036267505311261724,4133,1.7716539388973594e-8,1.0,0.30463388647351947,0.5136
4134,0.00036186063480517873,4134,3.088500377139491e-8,1.0,0.304825302532741,0.5141
4135,0.00036104706060130005,4135,2.305666987070137e-7,1.0,0.3037647315434047,0.5149
4136,0.00036023433082216737,4136,9.32313225309231e-7,1.0,0.30219389767873855,0.5144
4137,0.00035942244578863336,4137,1.8704169176449643e-8,1.0,0.30287838266009376,0.514
4138,0.0003586114058212179,4138,1.958303204253027e-8,1.0,0.3022756357987722,0.5134
4139,0.00035780121124010666,4139,3.081094539291755e-8,1.0,0.3045711261885507,0.5132
4140,0.0003569918623651511,4140,4.423843615240587e-8,1.0,0.3054743656090328,0.5147
4141,0.00035618335951586954,4141,5.10422534291809e-8,1.0,0.3050591779606683,0.5132
4142,0.0003553757030114458,4142,9.628280342323051e-8,1.0,0.30419520423525853,0.5145
4143,0.00035456889317073034,4143,1.349761989373411e-7,1.0,0.30564827578408377,0.5135
4144,0.0003537629303122392,4144,4.172628173141188e-8,1.0,0.303722787187213,0.5138
4145,0.00035295781475415297,4145,8.73522705682089e-7,1.0,0.30456728764942714,0.5124
4146,0.00035215354681431867,4146,2.183589981000079e-7,1.0,0.3031564630213238,0.5134
4147,0.00035135012681024904,4147,6.156788475867156e-8,1.0,0.3042241930961609,0.5139
4148,0.00035054755505912176,4148,2.5355957422590336e-7,1.0,0.3056371759800684,0.5133
4149,0.00034974583187777835,4149,3.208323764330736e-8,1.0,0.30543476541837056,0.5128
4150,0.0003489449575827276,4150,2.0809814569945828e-8,1.0,0.3040744809877305,0.5132
4151,0.00034814493249014103,4151,3.5487792915929396e-8,1.0,0.3043078899383545,0.5135
4152,0.00034734575691585626,4152,4.123327499544736e-8,1.0,0.30388851449603127,0.5134
4153,0.00034654743117537514,4153,8.074482463601587e-8,1.0,0.3027976677531288,0.5135
4154,0.00034574995558386406,4154,2.2643624509824247e-8,1.0,0.3025489211082458,0.5136
4155,0.0003449533304561543,4155,3.4370976498805596e-8,1.0,0.302882768142791,0.5136
4156,0.00034415755610674046,4156,2.154252437811638e-8,1.0,0.3023556547505515,0.5146
4157,0.0003433626328497809,4157,8.626560545264641e-8,1.0,0.30377280967576165,0.5142
4158,0.0003425685609990993,4158,3.1532809290674937e-7,1.0,0.3040019407158806,0.5138
4159,0.0003417753408681827,4159,2.152510034764397e-8,1.0,0.3042262585390182,0.5134
4160,0.000340982972770182,4160,1.095307176174607e-7,1.0,0.3037447852747781,0.5147
4161,0.00034019145701791163,4161,2.6683851352854187e-7,1.0,0.30509310080891566,0.5147
4162,0.00033940079392384893,4162,5.730848295386403e-8,1.0,0.30490882850828627,0.5147
4163,0.0003386109838001362,4163,3.855717924833037e-8,1.0,0.30566498665582564,0.5135
4164,0.0003378220269585764,4164,1.115246208398852e-7,1.0,0.3059386832373483,0.5142
4165,0.00033703392371063824,4165,3.735581258080769e-8,1.0,0.3052715085801624,0.5118
4166,0.00033624667436745284,4166,0.000013869155405603417,1.0,0.3044522668634142,0.5127
4167,0.00033546027923981236,4167,2.5300641607170095e-7,1.0,0.30290296574433645,0.5141
4168,0.0003346747386381741,4168,6.280936659663894e-8,1.0,0.30221431297915324,0.5151
4169,0.00033389005287265687,4169,1.88829324071229e-7,1.0,0.3029652087461381,0.5161
4170,0.0003331062222530429,4170,7.082781213593339e-7,1.0,0.3028833624862489,0.5148
4171,0.0003323232470887747,4171,2.2449557594905216e-7,1.0,0.3016738399153664,0.5148
4172,0.00033154112768895997,4172,6.204459663499457e-8,1.0,0.3040997263931093,0.5152
4173,0.0003307598643623653,4173,1.1962438431992052e-6,1.0,0.3047158065296355,0.515
4174,0.00032997945741742235,4174,5.778440962865363e-7,1.0,0.3050361264319647,0.5147
4175,0.00032919990716222296,4175,5.995577697806961e-8,1.0,0.30483626496224175,0.5156
4176,0.00032842121390452156,4176,3.212256277904774e-8,1.0,0.30503490567207336,0.5153
4177,0.00032764337795173417,4177,3.004983829176429e-7,1.0,0.30179819975580485,0.516
4178,0.00032686639961093704,4178,5.83629622513946e-8,1.0,0.3020066670009068,0.5162
4179,0.0003260902791888702,4179,0.00015565538640462844,0.999,0.30869528821536474,0.5127
4180,0.00032531501699193256,4180,3.6942153378677607e-8,1.0,0.31143651803334554,0.5103
4181,0.0003245406133261856,4181,1.0720164620553738e-6,1.0,0.3119331141312917,0.5105
4182,0.00032376706849735214,4182,7.666036660496155e-8,1.0,0.31171856125195824,0.5092
4183,0.0003229943828108157,4183,5.716381204157713e-7,1.0,0.31182926495869956,0.5082
4184,0.00032222255657161897,4184,5.36419132266647e-7,1.0,0.3122761090596517,0.508
4185,0.0003214515900844679,4185,4.006388871451756e-8,1.0,0.3123617893173581,0.5084
4186,0.0003206814836537279,4186,8.618724007496731e-8,1.0,0.31459962470190866,0.5083
4187,0.00031991223758342385,4187,6.802781593066919e-8,1.0,0.31263410619327,0.5093
4188,0.0003191438521772431,4188,7.077580705632564e-8,1.0,0.31195133754185267,0.509
4189,0.00031837632773853075,4189,0.00003891827575662278,0.999,0.3123154719670614,0.5109
4190,0.0003176096645702939,4190,1.9887052123597945e-7,1.0,0.31277209491956803,0.5114
4191,0.00031684386297519936,4191,1.0167236347227583e-6,1.0,0.31137243707974754,0.5111
4192,0.00031607892325557303,4192,4.523769769364316e-7,1.0,0.3107174419221424,0.5113
4193,0.0003153148457134017,4193,4.139220427999492e-7,1.0,0.3112935770125616,0.5111
4194,0.00031455163065033045,4194,8.368189269736787e-6,1.0,0.31114416888781954,0.5108
4195,0.0003137892783676644,4195,1.0234306100999544e-7,1.0,0.31135407657850356,0.5104
4196,0.000313027789166368,4196,8.831725150146429e-8,1.0,0.3116253861359188,0.5116
4197,0.00031226716334706555,4197,3.3408588708182053e-7,1.0,0.3111518110547747,0.511
4198,0.0003115074012100402,4198,4.000180127879579e-8,1.0,0.3104541120075044,0.5116
4199,0.000310748503055234,4199,2.0997333666492695e-7,1.0,0.31090107957522073,0.512
4200,0.0003099904691822475,4200,1.3646313163071626e-6,1.0,0.3105433424313863,0.5124
4201,0.00030923329989034076,4201,1.492864617110475e-7,1.0,0.31095048501378014,0.5125
4202,0.0003084769954784325,4202,4.792469494268354e-7,1.0,0.3122061252593994,0.5115
4203,0.00030772155624509887,4203,2.511994523924868e-7,1.0,0.3122707349913461,0.5113
4204,0.000306966982488576,4204,8.566120037639416e-7,1.0,0.3114768527802967,0.5108
4205,0.0003062132745067578,4205,3.6675223450780926e-8,1.0,0.31070966181300935,0.512
4206,0.00030546043259719577,4206,6.126457321559406e-7,1.0,0.310281156925928,0.5106
4207,0.0003047084570570999,4207,5.073295341500874e-8,1.0,0.31008654066494534,0.511
4208,0.00030395734818333854,4208,1.870636894908882e-7,1.0,0.3093075965132032,0.5121
4209,0.00030320710627243784,4209,8.792591251908074e-8,1.0,0.3120247809659867,0.511
4210,0.00030245773162058145,4210,1.0314752899428673e-7,1.0,0.3123947166261219,0.5116
4211,0.00030170922452360944,4211,1.3416758578207086e-7,1.0,0.3128749858765375,0.5115
4212,0.00030096158527702144,4212,1.1574060351819748e-6,1.0,0.3108787136418479,0.5117
4213,0.0003002148141759736,4213,7.759636825152175e-8,1.0,0.3102210745924995,0.5117
4214,0.00029946891151527927,4214,3.2214777491104554e-7,1.0,0.31306036568823314,0.5119
4215,0.0002987238775894088,4215,1.024972205311228e-7,1.0,0.3109070238612947,0.5124
4216,0.0002979797126924907,4216,3.5882772539540583e-7,1.0,0.3129523984023503,0.5119
4217,0.0002972364171183087,4217,6.597537195927674e-8,1.0,0.312762831506275,0.5119
4218,0.00029649399116030373,4218,2.1756073776386876e-7,1.0,0.31114764298711506,0.5115
4219,0.00029575243511157425,4219,2.433227753252863e-7,1.0,0.3125933615934281,0.5115
4220,0.0002950117492648746,4220,2.642647997742556e-6,1.0,0.3097088541303362,0.5119
4221,0.0002942719339126168,4221,1.9128655590722452e-7,1.0,0.3108614370936439,0.5123
4222,0.0002935329893468669,4222,4.139747431625416e-8,1.0,0.31100089436485656,0.5117
4223,0.0002927949158593493,4223,7.892324042979042e-8,1.0,0.31115260266122363,0.5124
4224,0.00029205771374144374,4224,5.827961076694995e-8,1.0,0.31059990780694147,0.512
4225,0.00029132138328418546,4225,2.1325209746218357e-7,1.0,0.30796269859586445,0.5125
4226,0.00029058592477826606,4226,1.7841654511468754e-7,1.0,0.30873595589683167,0.5118
4227,0.0002898513385140339,4227,1.2572575666272963e-7,1.0,0.31125218385741826,0.5126
4228,0.00028911762478149084,4228,8.022560089265035e-8,1.0,0.31256333248955864,0.5109
4229,0.00028838478387029575,4229,9.502342933673379e-8,1.0,0.31195523738861086,0.5121
4230,0.00028765281606976304,4230,7.618285810872564e-7,1.0,0.31174081762631733,0.5118
4231,0.0002869217216688613,4231,2.7821216839302427e-7,1.0,0.3112153532959166,0.5128
4232,0.0002861915009562163,4232,1.2223521560864963e-6,1.0,0.3102638536975497,0.5131
4233,0.00028546215422010663,4233,3.463747549945072e-7,1.0,0.3104563610894339,0.5124
4234,0.00028473368174846634,4234,4.687949780749331e-8,1.0,0.3106429216407594,0.5115
4235,0.00028400608382888573,4235,1.1473759973869488e-7,1.0,0.31166783968607586,0.5116
4236,0.00028327936074860834,4236,2.3653179135964463e-7,1.0,0.3111437496684846,0.5119
4237,0.00028255351279453356,4237,3.95063152985082e-8,1.0,0.3115416501249586,0.51
4238,0.0002818285402532147,4238,3.190285617143169e-6,1.0,0.3121183767205193,0.5108
4239,0.0002811044434108586,4239,3.17938423948016e-8,1.0,0.3101256163347335,0.5104
4240,0.00028038122255332805,4240,1.322107444475965e-7,1.0,0.31071264715421765,0.5106
4241,0.0002796588779661385,4241,5.727351376230044e-8,1.0,0.3116796533266703,0.5115
4242,0.00027893740993446044,4242,3.183318871994142e-8,1.0,0.3097030821300688,0.5112
4243,0.00027821681874311884,4243,5.208343673806277e-7,1.0,0.30925712102935426,0.5117
4244,0.0002774971046765903,4244,4.359475795277591e-7,1.0,0.3081234804221562,0.5114
4245,0.000276778268019007,4245,7.271243975180499e-8,1.0,0.31025338768959043,0.5112
4246,0.0002760603090541547,4246,2.3825842902846532e-7,1.0,0.3106045606590453,0.512
4247,0.00027534322806547243,4247,8.124158311164007e-8,1.0,0.3105173556577592,0.5121
4248,0.00027462702533605134,4248,8.26221080123852e-8,1.0,0.311262404634839,0.5107
4249,0.000273911701148638,4249,1.467096005696484e-6,1.0,0.3116298573357718,0.5101
4250,0.0002731972557856302,4250,6.264445614097743e-8,1.0,0.31200435842786517,0.5103
4251,0.0002724836895290802,4251,1.1379193968049809e-7,1.0,0.31087468067804974,0.5113
4252,0.0002717710026606923,4252,1.138992382314947e-7,1.0,0.31105410967554364,0.5117
4253,0.00027105919546182433,4253,8.218530059675036e-8,1.0,0.3096191119580042,0.5113
4254,0.0002703482682134869,4254,8.772354812928522e-8,1.0,0.30993272321564813,0.5121
4255,0.00026963822119634184,4255,5.6807516828138474e-8,1.0,0.31265508333841957,0.5117
4256,0.0002689290546907052,4256,1.0494518189912718e-7,1.0,0.31127357738358635,0.511
4257,0.0002682207689765442,4257,4.625555028950213e-8,1.0,0.3103461688473111,0.5115
4258,0.00026751336433347895,4258,2.474074299926986e-7,1.0,0.30993401748793464,0.5111
4259,0.0002668068410407817,4259,2.5752212561344765e-7,1.0,0.3112589962425686,0.5103
4260,0.00026610119937737705,4260,1.0004047765849442e-7,1.0,0.3093595754532587,0.5109
4261,0.0002653964396218403,4261,0.000012578319540220864,1.0,0.31146534227189565,0.5118
4262,0.00026469256205239987,4262,1.494102948452705e-7,1.0,0.3117030129546211,0.5126
4263,0.0002639895669469361,4263,1.1218453137879741e-7,1.0,0.31268646717071535,0.513
4264,0.00026328745458297913,4264,1.9823614111082916e-7,1.0,0.3115158191749028,0.5133
4265,0.0002625862252377131,4265,3.05239688678344e-7,1.0,0.31214000327246527,0.513
4266,0.00026188587918797075,4266,1.9886368460947643e-7,1.0,0.31250765721003215,0.5118
4267,0.0002611864167102387,4267,4.609131751397486e-8,1.0,0.31148904391697474,0.512
4268,0.00026048783808065327,4268,1.1011264169252535e-7,1.0,0.3125679021789914,0.5127
4269,0.0002597901435750022,4269,9.719284353210916e-6,1.0,0.31186382202875046,0.5119
4270,0.0002590933334687251,4270,1.8096898582850177e-8,1.0,0.31053162472588675,0.5121
4271,0.0002583974080369106,4271,0.000014368673717090105,1.0,0.31024112020220074,0.5133
4272,0.0002577023675542989,4272,4.4122334475984884e-7,1.0,0.31066591342290245,0.5136
4273,0.0002570082122952813,4273,1.2287012233055554e-7,1.0,0.31148696626935685,0.5129
4274,0.0002563149425338993,4274,2.6633535549690024e-6,1.0,0.3097373936857496,0.5131
4275,0.0002556225585438449,4275,1.1141958314705594e-7,1.0,0.3107903156961713,0.5125
4276,0.00025493106059846094,4276,4.906539250025874e-8,1.0,0.31091552887644086,0.5127
4277,0.00025424044897073877,4277,9.9768156656767e-8,1.0,0.31186521989958627,0.5133
4278,0.0002535507239333216,4278,1.2738082529513879e-6,1.0,0.31347138257253737,0.5132
4279,0.00025286188575850143,4279,6.423025049395207e-8,1.0,0.31128738011632645,0.513
4280,0.00025217393471822097,4280,1.7992251286730585e-7,1.0,0.31124558675856817,0.5141
4281,0.00025148687108407215,4281,2.220666306924846e-8,1.0,0.3110347086475009,0.515
4282,0.0002508006951272977,4282,1.243766066392839e-6,1.0,0.31196541630086444,0.5143
4283,0.00025011540711878793,4283,7.847813285994085e-8,1.0,0.311736295904432,0.5139
4284,0.0002494310073290841,4284,1.1851303941387162e-7,1.0,0.31111159949075606,0.512
4285,0.0002487474960283763,4285,1.0142899464242527e-6,1.0,0.3103018513747624,0.5129
4286,0.00024806487348650474,4286,2.0033587897589065e-7,1.0,0.31185970164480664,0.5122
4287,0.00024738313997295743,4287,1.1545108242961262e-7,1.0,0.3104758730956486,0.5126
4288,0.00024670229575687137,4288,5.540061878034088e-8,1.0,0.3117204609371367,0.5131
4289,0.0002460223411070335,4289,1.32152723473328e-7,1.0,0.31205911409287224,0.5136
4290,0.0002453432762918793,4290,2.1049805902572686e-7,1.0,0.3116586080619267,0.5131
4291,0.00024466510157949273,4291,7.428155487535345e-8,1.0,0.3107485160941169,0.5131
4292,0.0002439878172376063,4292,8.574722728897181e-7,1.0,0.3112779214268639,0.5125
4293,0.00024331142353360187,4293,5.1012272332210763e-8,1.0,0.3106816422371637,0.5128
4294,0.0002426359207345084,4294,2.7706765812868504e-8,1.0,0.31093517825717015,0.5131
4295,0.00024196130910700343,4295,3.637989431397381e-8,1.0,0.30971437919707523,0.5124
4296,0.00024128758891741277,4296,1.6680972624358434e-7,1.0,0.30885082199459984,0.513
4297,0.00024061476043171117,4297,7.36896914282121e-8,1.0,0.3100967901093619,0.5134
4298,0.00023994282391552087,4298,7.659384660064191e-7,1.0,0.30888841918536597,0.5128
4299,0.0002392717796341108,4299,3.0351033178785e-8,1.0,0.30988280120350065,0.5138
4300,0.00023860162785239905,4300,9.457901839482474e-8,1.0,0.31022313776470367,0.5132
4301,0.00023793236883495146,4301,7.284737329762319e-8,1.0,0.30952404340108236,0.5131
4302,0.00023726400284597977,4302,6.180029052356891e-6,1.0,0.3102665333520798,0.5139
4303,0.00023659653014934513,4303,4.532644617310801e-8,1.0,0.31103566147032236,0.513
4304,0.00023592995100855536,4304,4.1856376396611136e-8,1.0,0.3107006087189629,0.5124
4305,0.0002352642656867647,4305,7.467137827854046e-7,1.0,0.3103669938587007,0.5122
4306,0.0002345994744467754,4306,6.270148015611691e-8,1.0,0.3095289780980065,0.5131
4307,0.0002339355775510364,4307,9.098575712957178e-8,1.0,0.31071479008311315,0.5122
4308,0.00023327257526164447,4308,3.1023455609748735e-7,1.0,0.31060860809825713,0.5125
4309,0.00023261046784034135,4309,2.2299387965792525e-7,1.0,0.30990260683354875,0.513
4310,0.0002319492555485174,4310,9.347222255466174e-8,1.0,0.3100589573383331,0.5123
4311,0.00023128893864720766,4311,2.9178781393196256e-7,1.0,0.311634190593447,0.512
4312,0.00023062951739709586,4312,7.367189728956277e-7,1.0,0.30975600906780787,0.5126
4313,0.00022997099205851067,4313,3.434460281038723e-7,1.0,0.3114954346702212,0.5139
4314,0.00022931336289142723,4314,9.785056895967024e-8,1.0,0.30994361071359544,0.5138
4315,0.0002286566301554681,4315,7.604857019248898e-8,1.0,0.3098813269819532,0.5144
4316,0.00022800079410989954,4316,3.877497095892241e-8,1.0,0.3087481842154548,0.5131
4317,0.00022734585501363663,4317,3.6621156562248524e-8,1.0,0.30926268412953334,0.5134
4318,0.00022669181312523783,4318,6.058768200372946e-8,1.0,0.3099965501399267,0.5135
4319,0.00022603866870290882,4319,2.472493844964317e-6,1.0,0.30999789919172016,0.5139
4320,0.00022538642200450114,4320,1.1351128790354757e-7,1.0,0.3104797550610134,0.5135
4321,0.00022473507328751074,4321,7.275282066734757e-8,1.0,0.3089331744682221,0.5144
4322,0.00022408462280908026,4322,4.450558864935569e-7,1.0,0.3094340823945545,0.5125
4323,0.00022343507082599732,4323,1.9476339609863793e-7,1.0,0.30826838584173294,0.5136
4324,0.00022278641759469463,4324,1.6496765790445048e-7,1.0,0.30820626389412653,0.514
4325,0.0002221386633712501,4325,3.1209138638489874e-7,1.0,0.3111941703728267,0.5129
4326,0.00022149180841138724,4326,5.9331324361469994e-8,1.0,0.30997210769426253,0.5128
4327,0.00022084585297047312,4327,9.115428483987725e-8,1.0,0.309722927354631,0.5133
4328,0.00022020079730352186,4328,2.0808346047287854e-7,1.0,0.30967682003974917,0.5137
4329,0.00021955664166519026,4329,3.8653456308728504e-7,1.0,0.3106395792393457,0.5128
4330,0.0002189133863097816,4330,1.0595683835085928e-7,1.0,0.3102094783669426,0.5136
4331,0.00021827103149124304,4331,2.8655174318037964e-7,1.0,0.310386438029153,0.5132
4332,0.00021762957746316558,4332,1.7285295328406391e-7,1.0,0.3089995364348094,0.5131
4333,0.00021698902447878473,4333,8.171685909951791e-8,1.0,0.3103266906170618,0.5126
4334,0.00021634937279098096,4334,1.0210990030232313e-7,1.0,0.31092799873579113,0.513
4335,0.00021571062265227895,4335,8.779247756435502e-6,1.0,0.3102040404365176,0.5136
4336,0.00021507277431484699,4336,7.96492924525269e-8,1.0,0.30969078625951496,0.5127
4337,0.0002144358280304975,4337,3.886966968397452e-8,1.0,0.308600895461582,0.5124
4338,0.00021379978405068663,4338,1.1779762694175133e-6,1.0,0.3088247980390276,0.5134
4339,0.0002131646426265146,4339,3.282263658749549e-8,1.0,0.3090477625528971,0.5129
4340,0.00021253040400872554,4340,2.5842589291782827e-7,1.0,0.3099658054964883,0.5119
4341,0.00021189706844770614,4341,4.2543790395350404e-8,1.0,0.3090377679892949,0.5124
4342,0.00021126463619348804,4342,6.117188681524037e-8,1.0,0.30960705706051417,0.5127
4343,0.0002106331074957443,4343,1.0566569536812104e-7,1.0,0.31126711056345985,0.5129
4344,0.00021000248260379326,4344,2.5129821779046324e-8,1.0,0.3104914889449165,0.5122
4345,0.0002093727617665955,4345,2.0339028239391155e-8,1.0,0.3091536675180708,0.5124
4346,0.00020874394523275495,4346,8.356253001720472e-8,1.0,0.30965790947278343,0.5122
4347,0.00020811603325051855,4347,5.779344833388764e-8,1.0,0.3102632233074733,0.5122
4348,0.0002074890260677761,4348,8.892677753957216e-8,1.0,0.3093287706375122,0.5126
4349,0.00020686292393205905,4349,1.198084785560721e-7,1.0,0.30816855231920876,0.5123
4350,0.00020623772709054352,4350,5.1475449024977814e-8,1.0,0.3090768924781254,0.5133
4351,0.0002056134357900471,4351,1.9584090370558658e-8,1.0,0.30819869694255647,0.5122
4352,0.00020499005027703018,4352,6.00495478104384e-8,1.0,0.30803323444866,0.513
4353,0.00020436757079759555,4353,7.756006266864309e-7,1.0,0.30997889127050127,0.5132
4354,0.00020374599759748834,4354,2.9364546223169848e-8,1.0,0.3084583185967945,0.5126
4355,0.00020312533092209587,4355,9.146847009758187e-7,1.0,0.30752055701755343,0.5122
4356,0.00020250557101644687,4356,1.3139692068789157e-7,1.0,0.30948028763135277,0.5127
4357,0.00020188671812521283,4357,5.29493561377389e-7,1.0,0.3084749826363155,0.5125
4358,0.0002012687724927078,4358,6.140386326387264e-8,1.0,0.3080493484224592,0.5122
4359,0.00020065173436288657,4359,2.462470843530203e-6,1.0,0.3095143380619231,0.5123
4360,0.00020003560397934572,4360,7.771562026719146e-8,1.0,0.30957891288257783,0.5123
4361,0.000199420381585324,4361,2.130912016152733e-8,1.0,0.3087069945675986,0.5111
4362,0.0001988060674237021,4362,3.148717743682385e-8,1.0,0.3088567935285114,0.5123
4363,0.00019819266173700024,4363,2.750305914482675e-6,1.0,0.3095721517290388,0.5126
4364,0.00019758016476738188,4364,4.0557557397170016e-8,1.0,0.30920953551928204,0.5124
4365,0.0001969685767566517,4365,6.89485730520105e-8,1.0,0.30972680335953123,0.5123
4366,0.00019635789794625403,4366,2.4236512612724983e-7,1.0,0.3082512319087982,0.5121
4367,0.0001957481285772755,4367,9.70497060281432e-8,1.0,0.3093412450381688,0.513
4368,0.0001951392688904435,4368,1.270541529340194e-7,1.0,0.30858358371825445,0.512
4369,0.00019453131912612633,4369,4.436221853357633e-8,1.0,0.3077175801708585,0.5133
4370,0.00019392427952433315,4370,2.8808150108802908e-8,1.0,0.30889090924035933,0.5139
4371,0.0001933181503247133,4371,1.9174979981606555e-7,1.0,0.3080136449564071,0.5133
4372,0.00019271293176655627,4372,1.8694033876442973e-7,1.0,0.3089492014476231,0.5136
4373,0.0001921086240887937,4373,2.7366395181717606e-7,1.0,0.30776840930893307,0.5128
4374,0.00019150522752999608,4374,1.7569022173599284e-8,1.0,0.30687753841990517,0.5131
4375,0.00019090274232837543,4375,6.559325451048283e-8,1.0,0.30761895463580174,0.5131
4376,0.00019030116872178313,4376,4.8392607381637324e-8,1.0,0.3096814422380357,0.5131
4377,0.0001897005069477106,4377,4.957789776599817e-8,1.0,0.30958508395013357,0.5129
4378,0.00018910075724329036,4378,8.23363055618962e-8,1.0,0.31001908353396823,0.5129
4379,0.00018850191984529302,4379,4.925856756350589e-8,1.0,0.308632896343867,0.5133
4380,0.0001879039949901309,4380,2.754833656811887e-6,1.0,0.311640708503269,0.512
4381,0.00018730698291385514,4381,5.616257797449347e-8,1.0,0.3091442136537461,0.5121
4382,0.00018671088385215635,4382,6.046923589155182e-7,1.0,0.3088235829557691,0.5127
4383,0.00018611569804036495,4383,0.000030016426603533358,1.0,0.3115104365916479,0.5117
4384,0.00018552142571345127,4384,5.592578418991306e-7,1.0,0.31276517510414126,0.5124
4385,0.0001849280671060249,4385,1.0507580629931248e-7,1.0,0.3125403004033225,0.5125
4386,0.00018433562245233343,4386,6.635907668864217e-8,1.0,0.3109918086301713,0.5111
4387,0.00018374409198626562,4387,5.849389749287969e-8,1.0,0.31012189331508816,0.512
4388,0.00018315347594134745,4388,0.000013668905218959063,1.0,0.3091528901032039,0.5125
4389,0.0001825637745507452,4389,2.643174877065795e-7,1.0,0.30850518629664464,0.5124
4390,0.0001819749880472637,4390,2.026513145651842e-7,1.0,0.3078304356052762,0.5121
4391,0.0001813871166633465,4391,6.57833907558554e-8,1.0,0.3068019307795025,0.5123
4392,0.0001808001606310763,4392,2.0008338368137672e-7,1.0,0.3067461368583497,0.5127
4393,0.00018021412018217326,4393,8.994381958803474e-8,1.0,0.307693376427605,0.5124
4394,0.00017962899554799762,4394,6.310180590115724e-7,1.0,0.30902119136991957,0.512
4395,0.00017904478695954652,4395,4.426574197138745e-8,1.0,0.3081666827201843,0.512
4396,0.0001784614946474566,4396,8.921218185351098e-8,1.0,0.30752114483288356,0.5123
4397,0.00017787911884200255,4397,3.062413315528071e-8,1.0,0.30686612129211427,0.5126
4398,0.00017729765977309765,4398,1.209853047164023e-7,1.0,0.30792249015399387,0.5123
4399,0.00017671711767029165,4399,8.506795606028866e-8,1.0,0.3085061039243426,0.5123
4400,0.00017613749276277398,4400,5.490658120758477e-8,1.0,0.309994976293473,0.5129
4401,0.0001755587852793716,4401,2.6957567564455162e-8,1.0,0.30770414216177805,0.5118
4402,0.00017498099544854842,4402,1.0702122656863502e-7,1.0,0.31008467617489044,0.5115
4403,0.00017440412349840727,4403,3.026583855494263e-8,1.0,0.30971586505572,0.5124
4404,0.0001738281696566876,4404,1.7620022139754254e-8,1.0,0.30936995460873556,0.5129
4405,0.00017325313415076702,4405,2.6798739016258076e-8,1.0,0.30980126148178466,0.5122
4406,0.00017267901720766058,4406,5.9232799194608973e-8,1.0,0.3079000912961506,0.5133
4407,0.0001721058190540206,4407,8.564945840392045e-8,1.0,0.30908138241086686,0.5119
4408,0.0001715335399161366,4408,3.683950427253129e-8,1.0,0.3093014555318015,0.5126
4409,0.00017096218001993565,4409,6.89025458910919e-8,1.0,0.3080224096775055,0.5121
4410,0.00017039173959098038,4410,4.076699198324583e-8,1.0,0.30783042524542126,0.5124
4411,0.00016982221885447258,4411,2.7150824012759736e-6,1.0,0.3079568454197475,0.5121
4412,0.00016925361803524992,4412,1.132004142381132e-6,1.0,0.3100750412259783,0.5131
4413,0.00016868593735778697,4413,7.874512732457328e-7,1.0,0.3088978546006339,0.5126
4414,0.0001681191770461956,4414,1.9796803747629795e-7,1.0,0.3074387445336296,0.5129
4415,0.00016755333732422265,4415,6.901943200542435e-6,1.0,0.3067608685720535,0.5124
4416,0.00016698841841525388,4416,4.3929312801150816e-8,1.0,0.30714700931594485,0.5129
4417,0.00016642442054230923,4417,3.0059401888239886e-8,1.0,0.3074508703890301,0.5128
4418,0.00016586134392804642,4418,1.8247846442353052e-7,1.0,0.3095666062264215,0.5121
4419,0.00016529918879475987,4419,2.1706941387224432e-8,1.0,0.3092934741860344,0.5125
4420,0.00016473795536437898,4420,1.0262014469297753e-6,1.0,0.30780347897892907,0.5118
4421,0.00016417764385846985,4421,5.4417749629194424e-8,1.0,0.3066743649187542,0.5124
4422,0.00016361825449823442,4422,4.964813390036701e-8,1.0,0.3072571927592868,0.5126
4423,0.00016305978750451105,4423,1.2421659358251092e-7,1.0,0.30894921194939384,0.5129
4424,0.00016250224309777422,4424,2.2813083168569748e-8,1.0,0.30900674433935255,0.5121
4425,0.0001619456214981326,4425,1.2377136845590338e-7,1.0,0.3085308256603423,0.5127
4426,0.00016138992292533174,4426,2.3057925790936906e-8,1.0,0.3082000888529278,0.5128
4427,0.00016083514759875284,4427,4.273451345174603e-8,1.0,0.30895800760814124,0.5117
4428,0.00016028129573741266,4428,7.400096247947442e-8,1.0,0.30971023440361023,0.5127
4429,0.0001597283675599627,4429,9.047986843355833e-8,1.0,0.30946674148241676,0.5129
4430,0.00015917636328469057,4430,3.1870355296636007e-7,1.0,0.3098285845347813,0.513
4431,0.00015862528312951917,4431,1.5035780180704976e-7,1.0,0.3085237894739423,0.5131
4432,0.00015807512731200556,4432,8.947982655356447e-8,1.0,0.30796738862991335,0.5123
4433,0.0001575258960493424,4433,2.5662877579604595e-8,1.0,0.3090876417500632,0.5124
4434,0.00015697758955835793,4434,1.4036774527476886e-6,1.0,0.3084860801696777,0.5124
4435,0.0001564302080555148,4435,5.676215415156045e-8,1.0,0.309419611238298,0.5127
4436,0.00015588375175691103,4436,2.0677105957592597e-7,1.0,0.3097509103161948,0.5138
4437,0.00015533822087827792,4437,4.279232181301852e-7,1.0,0.3089959155945551,0.5127
4438,0.00015479361563498287,4438,2.1946819785850515e-7,1.0,0.30872550464811777,0.5134
4439,0.00015424993624202785,4439,1.62506204133484e-7,1.0,0.30952159677233015,0.5138
4440,0.00015370718291404835,4440,3.7543643091740905e-7,1.0,0.30810495898837137,0.5121
4441,0.00015316535586531468,4441,1.0614672078867487e-6,1.0,0.3083375326224736,0.5134
4442,0.00015262445530973208,4442,3.267306181693675e-7,1.0,0.30961153280167353,0.5119
4443,0.00015208448146083922,4443,3.048744260222439e-8,1.0,0.30794542488597687,0.5131
4444,0.00015154543453180916,4444,3.2043472066232784e-8,1.0,0.30773387437775024,0.5132
4445,0.0001510073147354492,4445,6.264657744939736e-8,1.0,0.3093304094814119,0.5137
4446,0.00015047012228420074,4446,3.5101871335522596e-8,1.0,0.3085939455600012,0.5135
4447,0.0001499338573901389,4447,6.104249605258581e-8,1.0,0.3080079055967785,0.5132
4448,0.00014939852026497183,4448,5.089461480827546e-8,1.0,0.30964458471252804,0.5131
4449,0.0001488641111200424,4449,8.18947420565594e-8,1.0,0.3091790877637409,0.5127
4450,0.00014833063016632744,4450,7.504008636693982e-8,1.0,0.30843440095583596,0.5125
4451,0.00014779807761443624,4451,4.232175143670247e-8,1.0,0.3075552162669954,0.5126
4452,0.00014726645367461226,4452,6.677785943257472e-8,1.0,0.3074376546201252,0.5126
4453,0.00014673575855673264,4453,2.2598198275621446e-8,1.0,0.30880396224203566,0.5118
4454,0.00014620599247030673,4454,2.3688081083962842e-8,1.0,0.30855991613297234,0.513
4455,0.00014567715562447835,4455,6.284206317224467e-8,1.0,0.30819142148608253,0.5132
4456,0.00014514924822802355,4456,4.1617941135657905e-8,1.0,0.3093871437367939,0.5133
4457,0.00014462227048935171,4457,4.147535457933925e-8,1.0,0.3089378671986716,0.5139
4458,0.00014409622261650587,4458,3.9207063432892636e-7,1.0,0.3084029183501289,0.5133
4459,0.00014357110481716048,4459,9.899177890526106e-7,1.0,0.3102140091714405,0.5122
4460,0.00014304691729862443,4460,5.46305823436098e-8,1.0,0.3088434787023635,0.5136
4461,0.00014252366026783856,4461,1.5844443814115395e-7,1.0,0.30969226161638896,0.5128
4462,0.0001420013339313768,4462,9.711290324280039e-8,1.0,0.3103304908389137,0.5121
4463,0.0001414799384954445,4463,7.989597474616652e-8,1.0,0.30948235875084285,0.513
4464,0.0001409594741658811,4464,3.154403413606674e-8,1.0,0.30955561768440976,0.5134
4465,0.00014043994114815676,4465,5.467910572997696e-7,1.0,0.30997472604115806,0.513
4466,0.00013992133964737573,4466,2.451150540528331e-7,1.0,0.3085514724254608,0.5121
4467,0.00013940366986827312,4467,3.241229094643115e-8,1.0,0.3076951421442486,0.5131
4468,0.00013888693201521713,4468,6.795318369377074e-8,1.0,0.3092889469294321,0.512
4469,0.00013837112629220787,4469,1.1998372593881511e-7,1.0,0.3093860172090076,0.5121
4470,0.00013785625290287695,4470,3.332508787442142e-8,1.0,0.30795843714759463,0.5135
4471,0.0001373423120504881,4471,3.6589655263324654e-8,1.0,0.30879368640127636,0.5136
4472,0.0001368293039379369,4472,4.432610367643974e-8,1.0,0.309053905804952,0.513
4473,0.00013631722876775125,4473,4.1669530344753035e-8,1.0,0.3082014450005123,0.5134
4474,0.00013580608674209003,4474,5.2358501618988115e-8,1.0,0.3087337437130156,0.5133
4475,0.0001352958780627446,4475,4.081910482215771e-7,1.0,0.3094811555885133,0.5118
4476,0.00013478660293113662,4476,3.3407599920294505e-7,1.0,0.309852260351181,0.5115
4477,0.00013427826154832,4477,2.2030393890101355e-8,1.0,0.30763486538614543,0.5122
4478,0.00013377085411498,4478,1.0010446812221592e-7,1.0,0.30827906756173995,0.5125
4479,0.0001332643808314328,4479,2.191064720134607e-8,1.0,0.30910460154215497,0.5117
4480,0.00013275884189762653,4480,7.722989993551113e-8,1.0,0.307865945214317,0.512
4481,0.00013225423751313928,4481,3.7906509296549625e-8,1.0,0.30752513181595575,0.5128
4482,0.00013175056787718118,4482,5.1466656714183046e-8,1.0,0.30809517275719417,0.5138
4483,0.00013124783318859315,4483,2.8757065469638594e-8,1.0,0.30854923952193486,0.5125
4484,0.0001307460336458467,4484,1.6749890262092647e-7,1.0,0.3068843265374502,0.5141
4485,0.0001302451694470448,4485,8.43945986534187e-8,1.0,0.3087597932134356,0.5129
4486,0.00012974524078992008,4486,5.617145187082022e-8,1.0,0.30933312887237185,0.513
4487,0.0001292462478718366,4487,6.423683534302021e-8,1.0,0.3087946979772477,0.5131
4488,0.000128748190889789,4488,0.000014335433777781131,1.0,0.3088307369323004,0.5129
4489,0.00012825107004040226,4489,2.137435510701515e-7,1.0,0.3077448214803423,0.5134
4490,0.00012775488551993158,4490,1.97995379562565e-8,1.0,0.3088903307914734,0.5133
4491,0.0001272596375242636,4491,7.458362237863913e-8,1.0,0.308647229274114,0.512
4492,0.00012676532624891304,4492,1.2562279470630853e-8,1.0,0.3088944483371008,0.5117
4493,0.0001262719518890277,4493,9.389087676648869e-9,1.0,0.31081424809637526,0.5123
4494,0.0001257795146393826,4494,7.927060818128476e-7,1.0,0.3095793278444381,0.513
4495,0.00012528801469438474,4495,1.7526764471499844e-7,1.0,0.3088511647213073,0.5139
4496,0.0001247974522480703,4496,2.7670937076065696e-8,1.0,0.3091306788580758,0.512
4497,0.00012430782749410656,4497,4.576117217856636e-7,1.0,0.3073061222121829,0.5124
4498,0.00012381914062578806,4498,2.395479928704195e-8,1.0,0.30810161119415647,0.5124
4499,0.00012333139183604163,4499,3.2626892288418964e-8,1.0,0.3080883082889375,0.5118
4500,0.00012284458131742263,4500,7.495021015993398e-8,1.0,0.3097315754209246,0.5123
4501,0.00012235870926211598,4501,3.6019329593036296e-8,1.0,0.3096374559970129,0.5126
4502,0.00012187377586193658,4502,9.090723626145735e-7,1.0,0.308911368960426,0.5119
4503,0.00012138978130832793,4503,8.087767031756108e-8,1.0,0.3079835619245257,0.5125
4504,0.00012090672579236358,4504,1.0826231356900063e-7,1.0,0.3085595962547121,0.5133
4505,0.00012042460950474629,4505,2.1951041069490615e-8,1.0,0.3081700827394213,0.5136
4506,0.00011994343263580823,4506,5.17413691151584e-8,1.0,0.3083538447107588,0.513
4507,0.00011946319537550995,4507,2.627043152326705e-8,1.0,0.3079099376996358,0.5135
4508,0.00011898389791344203,4508,6.8397411607484e-8,1.0,0.30797883981750124,0.5129
4509,0.00011850554043882309,4509,1.8641702951664266e-7,1.0,0.30871542067754837,0.5134
4510,0.00011802812314050097,4510,1.5566932346447328e-6,1.0,0.3072827086562202,0.5133
4511,0.00011755164620695295,4511,2.442957074696598e-6,1.0,0.30734253071603324,0.5123
4512,0.00011707610982628384,4512,1.6232322408966872e-7,1.0,0.3089190599464235,0.5123
4513,0.00011660151418622903,4513,2.627095315891178e-8,1.0,0.3090372234582901,0.512
4514,0.00011612785947415003,4514,2.6962531593642866e-8,1.0,0.30853632986545565,0.513
4515,0.00011565514587703921,4515,3.7949748232790625e-8,1.0,0.30811501542727154,0.513
4516,0.00011518337358151618,4516,5.422868279293338e-8,1.0,0.3087674427600134,0.5131
4517,0.00011471254277382863,4517,7.554115842908903e-8,1.0,0.30771167533738275,0.5136
4518,0.00011424265363985369,4518,3.874258069279181e-7,1.0,0.30771793297358924,0.5131
4519,0.00011377370636509632,4519,3.995491146401351e-8,1.0,0.3080517761764072,0.5129
4520,0.00011330570113468869,4520,3.98923099886872e-7,1.0,0.3086976303940728,0.5125
4521,0.00011283863813339246,4521,2.905554231710926e-7,1.0,0.3083612598124005,0.5126
4522,0.00011237251754559652,4522,8.760949066739733e-8,1.0,0.3081649050826118,0.5128
4523,0.00011190733955531812,4523,1.4248156263295728e-8,1.0,0.30679291798954916,0.5134
4524,0.00011144310434620203,4524,8.719256449127432e-9,1.0,0.3091586388292767,0.5122
4525,0.0001109798121015208,4525,3.71625136589652e-8,1.0,0.31024410213742937,0.5129
4526,0.00011051746300417454,4526,8.474981000581411e-8,1.0,0.30948811854634967,0.5132
4527,0.00011005605723669221,4527,8.147012271158311e-8,1.0,0.31064000924428303,0.5141
4528,0.00010959559498122895,4528,2.7264115367469933e-8,1.0,0.3079221756685348,0.5135
4529,0.00010913607641956797,4529,6.258509672412466e-8,1.0,0.308184826374054,0.5139
4530,0.00010867750173312025,4530,1.6490265047643842e-8,1.0,0.3078331899075281,0.5136
4531,0.00010821987110292348,4531,4.84629706101086e-8,1.0,0.3075485291935149,0.5134
4532,0.00010776318470964342,4532,2.228242076777557e-7,1.0,0.3084839886143094,0.5128
4533,0.00010730744273357197,4533,2.61265533652022e-7,1.0,0.3097370860122499,0.5136
4534,0.00010685264535462937,4534,3.6872355983301e-8,1.0,0.30814165614900135,0.513
4535,0.00010639879275236227,4535,7.521862216684045e-8,1.0,0.3088359617051624,0.5138
4536,0.00010594588510594428,4536,4.079098912614297e-8,1.0,0.30896617230914886,0.5125
4537,0.0001054939225941763,4537,1.7500638335324733e-8,1.0,0.3091696009749458,0.512
4538,0.00010504290539548612,4538,5.402367350085126e-7,1.0,0.30881728132565817,0.5124
4539,0.00010459283368792828,4539,2.3438014872838374e-8,1.0,0.30854156116644543,0.5121
4540,0.00010414370764918369,4540,6.879798843844888e-8,1.0,0.3093447710786547,0.5136
4541,0.00010369552745656026,4541,1.7104794478161097e-7,1.0,0.310005399726686,0.5128
4542,0.00010324829328699227,4542,1.827802859331146e-8,1.0,0.3102908379974819,0.5141
4543,0.00010280200531704099,4543,1.866426353152357e-8,1.0,0.3079562380200341,0.5132
4544,0.00010235666372289355,4544,1.465459681963887e-7,1.0,0.30925733191626414,0.5127
4545,0.00010191226868036403,4545,2.7377271412850252e-8,1.0,0.31072726675442286,0.5118
4546,0.00010146882036489292,4546,3.199523623397313e-7,1.0,0.3104667064689455,0.512
4547,0.00010102631895154575,4547,7.141176943273717e-7,1.0,0.3086118939377013,0.5123
4548,0.00010058476461501555,4548,1.3509865886736823e-6,1.0,0.3086324600946336,0.5131
4549,0.00010014415752962065,4549,3.1930153251583504e-8,1.0,0.30874363496190027,0.5139
4550,0.0000997044978693058,4550,3.1923709221089104e-8,1.0,0.30768518504642306,0.5129
4551,0.00009926578580764217,4551,4.035695197071984e-8,1.0,0.30743819333258127,0.5137
4552,0.00009882802151782594,4552,8.322783958310727e-8,1.0,0.30843392326718283,0.5126
4553,0.0000983912051726797,4553,8.057012697227335e-8,1.0,0.3081367492675781,0.5135
4554,0.00009795533694465159,4554,3.630533086860867e-8,1.0,0.3083226910659245,0.5142
4555,0.0000975204170058151,4555,4.313686394910984e-7,1.0,0.30945748516491484,0.5132
4556,0.0000970864455278701,4556,5.225569847732729e-8,1.0,0.30933999447595506,0.5133
4557,0.00009665342268214178,4557,2.1371701064949668e-8,1.0,0.30922096712248665,0.5133
4558,0.00009622134863958033,4558,2.5508926230581135e-8,1.0,0.30832421751249406,0.5133
4559,0.00009579022357076207,4559,4.82819399698948e-8,1.0,0.30754133462905886,0.5137
4560,0.00009536004764588808,4560,3.509585553390913e-8,1.0,0.30922328063419885,0.5136
4561,0.00009493082103478501,4561,5.440549645082829e-7,1.0,0.309873841773896,0.5143
4562,0.00009450254390690511,4562,6.015476028409239e-8,1.0,0.30928711635725836,0.5137
4563,0.00009407521643132533,4563,1.0211987689330505e-8,1.0,0.3083419036297571,0.5132
4564,0.00009364883877674741,4564,1.2796688195865478e-7,1.0,0.30860017765135994,0.5119
4565,0.00009322341111149834,4565,2.960233531317564e-8,1.0,0.30875448215575446,0.5128
4566,0.00009279893360353076,4566,2.707613659206724e-8,1.0,0.3079742167677198,0.514
4567,0.0000923754064204217,4567,2.1572720613046874e-7,1.0,0.30818921157291956,0.5143
4568,0.0000919528297293727,4568,2.5469263491879294e-8,1.0,0.3076284578868321,0.5129
4569,0.0000915312036972103,4569,2.0738231737162833e-7,1.0,0.30656683501743137,0.514
4570,0.0000911105284903861,4570,3.082262202083609e-8,1.0,0.3085460464159648,0.5133
4571,0.00009069080427497557,4571,1.273234203783399e-8,1.0,0.3081468797865368,0.5135
4572,0.0000902720312166795,4572,1.7909583667948443e-8,1.0,0.3085726777712504,0.5135
4573,0.00008985420948082286,4573,1.812510910671419e-8,1.0,0.3098686275028047,0.5127
4574,0.0000894373392323551,4574,4.948393225337863e-8,1.0,0.3112906992435455,0.5124
4575,0.00008902142063584957,4575,0.00023236019042020893,0.999,0.3098977940423148,0.5133
4576,0.00008860645385550465,4576,3.424163775802992e-8,1.0,0.3093913416067759,0.5138
4577,0.00008819243905514291,4577,1.0353190148579404e-7,1.0,0.30904007326988947,0.5142
4578,0.00008777937639821028,4578,1.8278490086588916e-8,1.0,0.3090317057711737,0.5136
4579,0.00008736726604777797,4579,6.298028734720771e-7,1.0,0.3072301671618507,0.5127
4580,0.00008695610816654,4580,1.8545890698294984e-7,1.0,0.30797683057330905,0.5128
4581,0.00008654590291681515,4581,7.635979482162589e-7,1.0,0.3089342358566466,0.5139
4582,0.00008613665046054638,4582,1.1376265211764697e-6,1.0,0.30865246596790497,0.5131
4583,0.00008572835095929944,4583,2.3296426417592404e-8,1.0,0.30784314501853216,0.5144
4584,0.00008532100457426541,4584,3.338853414911046e-8,1.0,0.3091736245722998,0.5139
4585,0.00008491461146625759,4585,1.3084152132118257e-7,1.0,0.30912854671478274,0.5139
4586,0.00008450917179571318,4586,2.4606793893494362e-8,1.0,0.3088797410329183,0.5137
4587,0.00008410468572269388,4587,3.906950471080758e-8,1.0,0.3085855872858138,0.5141
4588,0.00008370115340688419,4588,6.493392135098475e-8,1.0,0.3073263202394758,0.5133
4589,0.0000832985750075925,4589,1.3487188667480967e-8,1.0,0.3082791450477782,0.5138
4590,0.00008289695068375028,4590,3.738160831672539e-8,1.0,0.3103374631631942,0.5137
4591,0.00008249628059391238,4591,3.4502040356984696e-7,1.0,0.30726121011234464,0.515
4592,0.0000820965648962567,4592,3.146436093681175e-8,1.0,0.30710472549710954,0.5144
4593,0.00008169780374858565,4593,1.924343905388003e-8,1.0,0.30779989503678823,0.5145
4594,0.00008129999730832271,4594,5.3471781330791774e-8,1.0,0.3087329807735625,0.5139
4595,0.00008090314573251589,4595,2.6284630302985165e-7,1.0,0.3096959934348152,0.5137
4596,0.00008050724917783652,4596,1.0024418216149553e-7,1.0,0.3082053323586782,0.5135
4597,0.00008011230780057737,4597,8.928622296009013e-8,1.0,0.30777902404467267,0.5126
4598,0.00007971832175665537,4598,3.938218149897244e-7,1.0,0.30831959758486066,0.5133
4599,0.0000793252912016103,4599,8.490321639393577e-7,1.0,0.3087593334061759,0.5132
4600,0.0000789332162906044,4600,2.7564505937031452e-8,1.0,0.3087374380656651,0.5131
4601,0.00007854209717842248,4601,1.69500424807012e-8,1.0,0.30675592124462125,0.5135
4602,0.00007815193401947157,4602,1.0970331919070628e-7,1.0,0.3079075066816239,0.5126
4603,0.00007776272696778263,4603,5.557457516403019e-8,1.0,0.3084215643860045,0.5125
4604,0.00007737447617700831,4604,2.665354934433275e-7,1.0,0.3088594374202547,0.5143
4605,0.00007698718180042351,4605,3.179304739898639e-7,1.0,0.30887523719242643,0.5135
4606,0.00007660084399092647,4606,3.07379609807529e-8,1.0,0.3099368251505352,0.5137
4607,0.00007621546290103741,4607,4.508793581878411e-8,1.0,0.3097586521080562,0.514
4608,0.00007583103868289796,4608,3.656507621553287e-8,1.0,0.30786477213814145,0.5136
4609,0.00007544757148827284,4609,8.8962795183466e-8,1.0,0.30804330380189987,0.5136
4610,0.000075065061468549,4610,1.630843828235941e-8,1.0,0.31010006041753857,0.5138
4611,0.00007468350877473538,4611,4.423412165655534e-8,1.0,0.3114428821064177,0.5142
4612,0.00007430291355746287,4612,2.2987691676645298e-7,1.0,0.3102819928101131,0.513
4613,0.0000739232759669846,4613,4.569604631196203e-8,1.0,0.30996734826337724,0.513
4614,0.00007354459615317515,4614,1.5315841919584186e-7,1.0,0.30849140144529796,0.5145
4615,0.0000731668742655313,4615,1.065124351892369e-7,1.0,0.3108639203366779,0.5132
4616,0.0000727901104531724,4616,7.550954598098006e-7,1.0,0.3097254503340948,0.5141
4617,0.00007241430486483807,4617,1.597332235264439e-8,1.0,0.3096632909207117,0.5141
4618,0.00007203945764889075,4618,1.4560183979130313e-8,1.0,0.3101773977279663,0.5144
4619,0.000071665568953314,4619,2.860875587223128e-8,1.0,0.3099638975801922,0.5144
4620,0.00007129263892571309,4620,3.120834168868214e-7,1.0,0.3101409872372945,0.5132
4621,0.00007092066771331496,4621,1.0945010764373819e-7,1.0,0.3104505774520692,0.5139
4622,0.00007054965546296826,4622,7.940463004579052e-8,1.0,0.3096050236906324,0.5124
4623,0.00007017960232114251,4623,3.473877750538788e-8,1.0,0.3094458974543072,0.5143
4624,0.0000698105084339289,4624,9.456732385530807e-8,1.0,0.30887193651426403,0.5138
4625,0.00006944237394703973,4625,3.524918960738974e-7,1.0,0.3102140622479575,0.5136
4626,0.00006907519900580851,4626,1.3617982542682297e-7,1.0,0.3086896084603809,0.5137
4627,0.00006870898375519037,4627,8.802461712705981e-7,1.0,0.30786206268128896,0.5134
4628,0.00006834372833976105,4628,2.3495220036195974e-7,1.0,0.30821920661699204,0.5136
4629,0.00006797943290371828,4629,1.1710759875055167e-8,1.0,0.308885114249729,0.513
4630,0.00006761609759087922,4630,1.3810997139580244e-8,1.0,0.3086165794304439,0.5131
4631,0.00006725372254468359,4631,2.1178345172805687e-8,1.0,0.30842816006569634,0.5137
4632,0.00006689230790819084,4632,1.646883606968667e-6,1.0,0.3092186249437786,0.5143
4633,0.00006653185382408183,4633,1.3922759391150037e-7,1.0,0.3092210420540401,0.513
4634,0.00006617236043465858,4634,2.7629333195936366e-7,1.0,0.3079546068395887,0.5148
4635,0.00006581382788184282,4635,3.1276210129708004e-8,1.0,0.30840412974357606,0.5143
4636,0.00006545625630717773,4636,4.980356112701164e-8,1.0,0.30789740284283956,0.5146
4637,0.00006509964585182678,4637,6.353769977347702e-8,1.0,0.3092615842819214,0.5134
4638,0.00006474399665657457,4638,4.6427079408453036e-8,1.0,0.3087790006682986,0.5138
4639,0.00006438930886182545,4639,1.2493707951797379e-8,1.0,0.309147420383635,0.5143
4640,0.00006403558260760464,4640,6.509263194062885e-8,1.0,0.30806863903999326,0.5134
4641,0.0000636828180335571,4641,7.982030035877518e-8,1.0,0.30932518243789675,0.513
4642,0.0000633310152789495,4642,1.6325500956384414e-8,1.0,0.30832988364355907,0.5143
4643,0.00006298017448266766,4643,2.754527095305548e-8,1.0,0.30880165156863987,0.5129
4644,0.00006263029578321776,4644,4.842619363710723e-8,1.0,0.30825540593692236,0.5143
4645,0.00006228137931872706,4645,5.7588277976993224e-8,1.0,0.30753836830457054,0.5135
4646,0.0000619334252269415,4646,4.50713514764191e-8,1.0,0.3074675419500896,0.5132
4647,0.00006158643364522814,4647,2.508857570370808e-8,1.0,0.3070857848439898,0.5131
4648,0.00006124040471057379,4648,1.0655173537985195e-6,1.0,0.30814136550540017,0.5144
4649,0.000060895338559585,4649,3.585506079341526e-8,1.0,0.3093002946603866,0.5143
4650,0.00006055123532848865,4650,2.1672862192731588e-8,1.0,0.30970930939628966,0.514
4651,0.00006020809515313163,4651,1.2180343286364144e-6,1.0,0.31006820570854915,0.5137
4652,0.00005986591816897917,4652,5.6515469087650044e-8,1.0,0.30970779004551113,0.513
4653,0.00005952470451111823,4653,4.59464242314176e-8,1.0,0.3102097670237223,0.5147
4654,0.000059184454314254377,4654,5.5923477034388234e-8,1.0,0.3098396437508719,0.5152
4655,0.00005884516771271268,4655,5.102667105780884e-8,1.0,0.3107284142857506,0.5136
4656,0.000058506844840438756,4656,1.5945324235592092e-8,1.0,0.3104125116552625,0.5131
4657,0.00005816948583099633,4657,3.4035761024379475e-8,1.0,0.3091664476054055,0.5129
4658,0.00005783309081756969,4658,5.681944654461242e-8,1.0,0.30794604193596614,0.5134
4659,0.00005749765993296233,4659,7.52332650146213e-8,1.0,0.3088530994596935,0.5127
4660,0.00005716319330959722,4660,2.2239631827130914e-7,1.0,0.3090632918335143,0.5126
4661,0.000056829691079516225,4661,6.107790774732638e-8,1.0,0.308379027957008,0.5135
4662,0.000056497153374381254,4662,1.6734428953668612e-8,1.0,0.3088012306463151,0.5127
4663,0.00005616558032547202,4663,7.991549957236679e-8,1.0,0.30951402882734935,0.5132
4664,0.0000558349720636888,4664,1.1044011825690956e-7,1.0,0.3105507308528537,0.5141
4665,0.00005550532871955053,4665,9.638761947324984e-9,1.0,0.3089541474978129,0.5142
4666,0.000055176650423195346,4666,2.5052674052743793e-7,1.0,0.3075118564424061,0.5134
4667,0.00005484893730437999,4667,2.2319528659138433e-8,1.0,0.3076270932242984,0.5131
4668,0.000054522189492480434,4668,1.0799355027166885e-7,1.0,0.30836727619171145,0.5134
4669,0.00005419640711649153,4669,5.360162891321352e-8,1.0,0.30997516484487625,0.5134
4670,0.00005387159030502735,4670,1.5582058754404216e-8,1.0,0.3092953934555962,0.5136
4671,0.000053547739186319766,4671,1.7216932937525966e-8,1.0,0.30937490775471643,0.5128
4672,0.00005322485388822039,4672,6.167982058435939e-8,1.0,0.3092862518060775,0.5135
4673,0.00005290293453819949,4673,5.352397069473335e-8,1.0,0.3083896372999464,0.5136
4674,0.00005258198126334539,4674,6.424871644229921e-8,1.0,0.3086332558166413,0.5127
4675,0.000052261994190365355,4675,1.0594429689092522e-7,1.0,0.3072306036949158,0.5139
4676,0.00005194297344558528,4676,1.3119325131023224e-7,1.0,0.30769703331447784,0.5129
4677,0.00005162491915494997,4677,6.439865098855926e-8,1.0,0.30819319869790757,0.514
4678,0.000051307831444021774,4678,5.74059394306151e-8,1.0,0.30906038312684925,0.5142
4679,0.000050991710437981386,4679,6.974483982939243e-8,1.0,0.30933576027552284,0.514
4680,0.00005067655626162925,4680,2.2978583776496937e-8,1.0,0.30937095823742095,0.5138
4681,0.00005036236903938278,4681,7.16923872775713e-7,1.0,0.3100151002407074,0.5138
4682,0.00005004914889527833,4682,4.015485645579377e-8,1.0,0.3093146522839864,0.5139
4683,0.00004973689595297003,4683,2.0381439805713546e-7,1.0,0.30864888429641724,0.5132
4684,0.00004942561033573067,4684,1.9960839301552944e-6,1.0,0.3089604352201734,0.5138
4685,0.00004911529216645082,4685,1.3159944160856e-7,1.0,0.3084065091042292,0.5127
4686,0.00004880594156763917,4686,3.0867934124111954e-8,1.0,0.30880836986360094,0.5142
4687,0.000048497558661421906,4687,2.1502470481409085e-8,1.0,0.309839711018971,0.5128
4688,0.00004819014356954443,4688,2.086036201976951e-8,1.0,0.3086956915401277,0.5127
4689,0.000047883696413369364,4689,4.705409378538033e-8,1.0,0.30891961937858947,0.514
4690,0.000047578217313876615,4690,3.1929586720634365e-8,1.0,0.30844759543736777,0.5143
4691,0.00004727370639166472,4691,3.3807507460181796e-8,1.0,0.3096720772130149,0.5143
4692,0.000046970163766950006,4692,2.3624300095006914e-7,1.0,0.3113562657719567,0.5141
4693,0.00004666758955956634,4693,8.74229522213319e-8,1.0,0.3090808542001815,0.5133
4694,0.000046365983888964564,4694,1.0120715008065689e-6,1.0,0.30971197344007945,0.5138
4695,0.0000460653468742147,4695,8.053863290565947e-8,1.0,0.3090293200243087,0.5136
4696,0.000045765678634002936,4696,1.3345562041710055e-8,1.0,0.3075086772441864,0.5141
4697,0.00004546697928663351,4697,4.034723188355082e-8,1.0,0.3070984320981162,0.5134
4698,0.000045169248950028494,4698,3.749733220222614e-8,1.0,0.30774878660837807,0.5127
4699,0.00004487248774172692,4699,1.3802210887431123e-7,1.0,0.3075677224567958,0.5131
4700,0.00004457669577888562,4700,3.6634116049699945e-7,1.0,0.30915505375180924,0.5134
4701,0.00004428187317827841,4701,1.3356170146580768e-7,1.0,0.31101935676165987,0.5139
4702,0.000043988020056296365,4702,1.719784487200623e-7,1.0,0.3096394326005663,0.5136
4703,0.000043695136528948345,4703,3.895072235119793e-8,1.0,0.31021973348799203,0.5131
4704,0.000043403222711860196,4704,2.2967087491091814e-8,1.0,0.3087542888664064,0.5143
4705,0.00004311227872027445,4705,1.3913142659136146e-8,1.0,0.30903064807256064,0.5138
4706,0.00004282230466905201,4706,3.1083350200623e-8,1.0,0.30805666730517434,0.5128
4707,0.00004253330067266908,4707,6.970646925283507e-8,1.0,0.30873568710826693,0.514
4708,0.00004224526684522051,4708,2.687772693828128e-8,1.0,0.3095689566362472,0.514
4709,0.000041958203300416995,4709,2.7978858753639557e-8,1.0,0.31026700621559505,0.5139
4710,0.00004167211015158706,4710,1.0537302264608462e-7,1.0,0.3070992668469747,0.5127
4711,0.000041386987511675906,4711,2.776277258880506e-8,1.0,0.3084297830150241,0.5128
4712,0.000041102835493244895,4712,6.355845821606093e-8,1.0,0.3090411279882703,0.5134
4713,0.000040819654208472886,4713,9.246276802411471e-8,1.0,0.31002632294382365,0.515
4714,0.00004053744376915574,4714,1.17717107596063e-7,1.0,0.3093706528345744,0.5133
4715,0.000040256204286705454,4715,2.3960448693910187e-8,1.0,0.30935170508566356,0.5145
4716,0.0000399759358721507,4716,1.2278362284573198e-8,1.0,0.30804465867224196,0.5132
4717,0.00003969663863613742,4717,4.9347629686261975e-8,1.0,0.3083315534251077,0.5142
4718,0.00003941831268892715,4718,2.219510025505028e-8,1.0,0.3085700352986654,0.5143
4719,0.000039140958140399196,4719,2.909343855035067e-7,1.0,0.3090278988792783,0.5137
4720,0.00003886457510004848,4720,1.2196227238930085e-6,1.0,0.30849386822609676,0.5126
4721,0.00003858916367698634,4721,8.992728942455333e-8,1.0,0.30827155595734007,0.5123
4722,0.00003831472397994162,4722,2.885397676555797e-7,1.0,0.30962299136888416,0.5137
4723,0.000038041256117258224,4723,5.03152918229248e-7,1.0,0.3098556217693147,0.5134
4724,0.00003776876019689673,4724,1.2869905129968339e-7,1.0,0.30858207032794044,0.513
4725,0.0000374972363264347,4725,2.3585272655525713e-8,1.0,0.3084607422351837,0.5131
4726,0.00003722668461306528,4726,1.5168385491563862e-7,1.0,0.3098976350965954,0.5138
4727,0.00003695710516359774,4727,3.801518211332677e-8,1.0,0.30981433192888896,0.5134
4728,0.00003668849808445835,4728,8.96830921483965e-8,1.0,0.30924617648124697,0.5129
4729,0.00003642086348168839,4729,3.515971979170661e-8,1.0,0.30790676644870213,0.5137
4730,0.00003615420146094584,4730,3.913743932112571e-8,1.0,0.30805714016868957,0.5137
4731,0.00003588851212750483,4731,6.424706558993436e-6,1.0,0.3097918104557764,0.5131
4732,0.000035623795586255344,4732,7.161517855984522e-8,1.0,0.31037003312792094,0.5136
4733,0.00003536005194170323,4733,8.907846819960512e-8,1.0,0.3099226000763121,0.5133
4734,0.000035097281297970194,4734,8.495566988522168e-8,1.0,0.3082043159575689,0.5136
4735,0.000034835483758793814,4735,1.6586895581905905e-8,1.0,0.3088774138972873,0.5137
4736,0.000034574659427527806,4736,5.3774950059008796e-8,1.0,0.3092574937002999,0.5143
4737,0.00003431480840714147,4737,9.507056642461754e-8,1.0,0.31019961606888546,0.5136
4738,0.000034055930800219966,4738,8.53908718549216e-8,1.0,0.31034890101069496,0.5139
4739,0.000033798026708964044,4739,4.399308314465397e-8,1.0,0.3101925676777249,0.5133
4740,0.00003354109623519003,4740,3.575443129925981e-8,1.0,0.31057294763269877,0.5139
4741,0.00003328513948032986,4741,3.785701157845605e-8,1.0,0.30978085512206666,0.514
4742,0.000033030156545431295,4742,9.89295571917652e-8,1.0,0.3097766027564094,0.5141
4743,0.00003277614753115799,4743,2.2665644171050914e-8,1.0,0.3101986098857153,0.5144
4744,0.00003252311253778834,4744,1.3259830004367737e-7,1.0,0.3082936071214222,0.5135
4745,0.000032271051665216325,4745,1.3487428126727049e-8,1.0,0.3089097389153072,0.5132
4746,0.00003201996501295207,4746,2.9668998723417348e-8,1.0,0.30889129922503517,0.5125
4747,0.00003176985268012017,4747,1.3930174294497446e-8,1.0,0.3083186950002398,0.5131
4748,0.00003152071476546137,4748,3.7226782376297335e-8,1.0,0.3082392692565918,0.5124
4749,0.00003127255136733087,4749,2.7588280337469197e-7,1.0,0.30915780408041815,0.5131
4750,0.00003102536258370059,4750,7.311827414435172e-8,1.0,0.3093281084582919,0.5136
4751,0.0000307791485121558,4751,2.980104714534973e-7,1.0,0.309427816811062,0.5137
4752,0.000030533909249898186,4752,3.193445478425853e-8,1.0,0.3096275990917569,0.5135
4753,0.000030289644893744476,4753,0.00001562552009978394,1.0,0.30971334349541435,0.5149
4754,0.00003004635554012642,4754,5.659199105947789e-7,1.0,0.3090525925159454,0.5132
4755,0.00002980404128509052,4755,3.637047543559815e-8,1.0,0.3090322849296388,0.5131
4756,0.000029562702224298867,4756,5.6342965214030623e-8,1.0,0.30826245886938913,0.5135
4757,0.000029322338453028022,4757,2.8313737714180134e-8,1.0,0.3091343646957761,0.5138
4758,0.00002908295006617014,4758,4.2911926879610076e-8,1.0,0.3078959482056754,0.5139
4759,0.000028844537158231558,4759,2.3037979253393544e-7,1.0,0.30894652832122077,0.5127
4760,0.000028607099823334497,4760,1.1313390245790277e-8,1.0,0.3102284627301352,0.5126
4761,0.00002837063815521508,4761,5.759955854077789e-8,1.0,0.310168065627416,0.5132
4762,0.000028135152247224475,4762,9.844560257993031e-8,1.0,0.3106709775470552,0.5138
4763,0.000027900642192329144,4763,1.4015310414873197e-8,1.0,0.3098510109242939,0.5127
4764,0.000027667108083109477,4764,8.619562892014138e-8,1.0,0.30856063337553113,0.5128
4765,0.000027434550011761445,4765,1.4747753261987317e-8,1.0,0.3071634985151745,0.5135
4766,0.000027202968070095496,4766,5.1173608504146135e-8,1.0,0.30805906568254743,0.5131
4767,0.000026972362349536,4767,2.161827851124155e-7,1.0,0.30812692159698124,0.5134
4768,0.000026742732941122636,4768,5.5811443699398177e-8,1.0,0.30897153928166343,0.5123
4769,0.00002651407993550955,4769,4.391798916071279e-8,1.0,0.309309321641922,0.513
4770,0.00002628640342296509,4770,1.1569192837597376e-7,1.0,0.30921221233549573,0.5127
4771,0.000026059703493372635,4771,3.410976170298021e-8,1.0,0.30969790163494293,0.5132
4772,0.000025833980236229485,4772,1.4995605368656448e-6,1.0,0.3089977281434195,0.5134
4773,0.000025609233740647692,4773,1.3339899777401834e-8,1.0,0.3100186180500757,0.5128
4774,0.00002538546409535378,4774,2.7088786163140386e-7,1.0,0.3083623636336554,0.5127
4775,0.000025162671388688193,4775,1.259058144515144e-8,1.0,0.30804503503299896,0.5139
4776,0.00002494085570860613,4776,3.601652577871272e-7,1.0,0.30800444512140185,0.5124
4777,0.00002472001714267699,4777,2.0179218723506038e-7,1.0,0.3090244213740031,0.5128
4778,0.000024500155778084093,4778,3.549491012222461e-8,1.0,0.30834765491031463,0.5134
4779,0.000024281271701625225,4779,2.6843892273053002e-8,1.0,0.3092131750924247,0.5119
4780,0.000024063364999712373,4780,1.9282968597539572e-8,1.0,0.3081834662528265,0.5121
4781,0.000023846435758372005,4781,5.226709722170954e-8,1.0,0.3080455751646133,0.512
4782,0.000023630484063243945,4782,2.469457025639208e-7,1.0,0.30964517508234296,0.5118
4783,0.00002341550999958278,4783,2.455639673429718e-7,1.0,0.3084498195421128,0.5129
4784,0.00002320151365225673,4784,5.423597067751492e-8,1.0,0.30812859819048927,0.5134
4785,0.000022988495105748213,4785,8.70034553185086e-8,1.0,0.3089255875065213,0.5128
4786,0.0000227764544441533,4786,3.11576732404091e-8,1.0,0.30860384418850856,0.5132
4787,0.000022565391751182524,4787,5.668210975716734e-8,1.0,0.30961296075866335,0.5129
4788,0.000022355307110160343,4788,3.153492759620592e-7,1.0,0.30948656769025895,0.5133
4789,0.000022146200604024583,4789,7.037421583890234e-7,1.0,0.3080347850209191,0.5131
4790,0.000021938072315326987,4790,0.000016344955769129332,1.0,0.3087993210270291,0.5133
4791,0.000021730922326233495,4791,1.1455862639461348e-7,1.0,0.3080555192061833,0.5131
4792,0.00002152475071852397,4792,2.871468792900852e-8,1.0,0.30888164185342337,0.5133
4793,0.00002131955757359108,4793,1.641632081066697e-8,1.0,0.3099668610663641,0.5135
4794,0.000021115342972442246,4794,1.0421787488028366e-7,1.0,0.3076014601048969,0.5138
4795,0.000020912106995697982,4795,6.428570772006499e-8,1.0,0.30905283575966247,0.513
4796,0.000020709849723592993,4796,1.0081413255525447e-7,1.0,0.3096276867957342,0.5126
4797,0.000020508571235974522,4797,2.9612770690605538e-8,1.0,0.30741657075427825,0.5133
4798,0.000020308271612304838,4798,1.5706962926065857e-8,1.0,0.30691031785238354,0.5134
4799,0.00002010895093165874,4799,2.821745685787662e-8,1.0,0.3088312688327971,0.5133
4800,0.00001991060927272495,4800,9.971755675154879e-8,1.0,0.30760315514746167,0.5135
4801,0.000019713246713805563,4801,8.53058700080905e-8,1.0,0.3077850415593102,0.5136
4802,0.00001951686333281602,4802,2.4027160409427022e-8,1.0,0.30734755992889407,0.5132
4803,0.000019321459207285702,4803,2.5839025961199845e-8,1.0,0.30779961943626405,0.5133
4804,0.000019127034414356786,4804,7.081342750276625e-8,1.0,0.30821624114399865,0.514
4805,0.000018933589030785654,4805,6.91038428596038e-8,1.0,0.3080930877299536,0.5134
4806,0.000018741123132940658,4806,4.0508104130291635e-8,1.0,0.3081017695722126,0.5137
4807,0.000018549636796804908,4807,2.249020351433965e-8,1.0,0.30846344062260217,0.5137
4808,0.00001835913009797377,4808,3.363441377265038e-7,1.0,0.3084260543187459,0.5141
4809,0.000018169603111656525,4809,3.435195608816227e-7,1.0,0.3080362163838886,0.513
4810,0.000017981055912675544,4810,4.087524475507177e-8,1.0,0.30795058863503594,0.5117
4811,0.000017793488575466008,4811,4.0448762688478316e-8,1.0,0.3079439055351984,0.5138
4812,0.00001760690117407646,4812,9.874541349676389e-8,1.0,0.307869853859856,0.5129
4813,0.00001742129378216881,4813,4.110124261570901e-7,1.0,0.30821747041883923,0.514
4814,0.000017236666473018056,4814,2.961852993553835e-8,1.0,0.3074071140516372,0.5121
4815,0.000017053019319512008,4815,2.616202695751976e-7,1.0,0.30848676760991417,0.5135
4816,0.000016870352394151555,4816,1.458863533680225e-8,1.0,0.3080981223356156,0.5129
4817,0.000016688665769050682,4817,4.399589680929916e-8,1.0,0.30781609274092175,0.5128
4818,0.000016507959515936733,4818,6.688078213996852e-8,1.0,0.30709983791623796,0.5139
4819,0.00001632823370614931,4819,3.836906516106015e-7,1.0,0.3083755473295848,0.5134
4820,0.000016149488410641375,4820,1.0711630490537313e-7,1.0,0.3084191804840451,0.5133
4821,0.00001597172369997899,4821,5.1696351717941034e-8,1.0,0.30786796921775456,0.5131
4822,0.000015794939644340457,4822,2.269402674247631e-8,1.0,0.3084798106125423,0.5131
4823,0.000015619136313518003,4823,1.905059404196306e-7,1.0,0.308957682904743,0.5132
4824,0.000015444313776915,4824,1.5624842680541546e-7,1.0,0.310100097315652,0.5145
4825,0.000015270472103549296,4825,3.17216586543352e-8,1.0,0.30955143854731604,0.5134
4826,0.000015097611362050716,4826,2.212615828122737e-8,1.0,0.30878082627341863,0.5138
4827,0.000014925731620662169,4827,2.762027146679153e-8,1.0,0.30830952525138855,0.5133
4828,0.000014754832947238267,4828,1.8056861572106407e-8,1.0,0.30901316574641635,0.5142
4829,0.000014584915409248096,4829,5.677844522587012e-8,1.0,0.308473729519617,0.5138
4830,0.000014415979073771885,4830,2.8408189433112982e-8,1.0,0.30718032519022626,0.5137
4831,0.000014248024007502676,4831,2.1700662547342544e-8,1.0,0.30816958858853294,0.5127
4832,0.000014081050276747427,4832,3.8302891017646546e-8,1.0,0.30807513310795737,0.5137
4833,0.00001391505794742369,4833,3.3721731084761296e-8,1.0,0.3095813609304882,0.5143
4834,0.000013750047085063207,4834,2.5684827132890644e-8,1.0,0.30808879335721334,0.5137
4835,0.000013586017754809706,4835,5.392575067967679e-8,1.0,0.30856698467617943,0.5135
4836,0.000013422970021419164,4836,1.1920751856530658e-8,1.0,0.3092506062416803,0.5127
4837,0.000013260903949260092,4837,1.7778721436844167e-8,1.0,0.30927016876992725,0.5126
4838,0.000013099819602314087,4838,2.0020488991502275e-8,1.0,0.30984005133310955,0.5146
4839,0.000012939717044174168,4839,1.425089537868526e-6,1.0,0.3088487627960387,0.5137
4840,0.00001278059633804672,4840,1.6109421870543392e-7,1.0,0.30791666819935753,0.5133
4841,0.000012622457546749553,4841,8.711586487107428e-8,1.0,0.3067833341303326,0.5134
4842,0.000012465300732713834,4842,2.045756565208091e-8,1.0,0.307941107239042,0.5128
4843,0.000012309125957982712,4843,7.399638032471298e-8,1.0,0.30777338260696047,0.5146
4844,0.000012153933284211036,4844,1.3964284987603529e-8,1.0,0.3063447824546269,0.5129
4845,0.000011999722772666463,4845,4.1727550826293967e-7,1.0,0.3074699662980579,0.514
4846,0.000011846494484229184,4846,2.2183645782758973e-8,1.0,0.30821877746354964,0.5144
4847,0.000011694248479391087,4847,9.040792544654085e-7,1.0,0.30792656668594903,0.5125
4848,0.000011542984818256594,4848,4.62601911697748e-8,1.0,0.30864877984637307,0.5127
4849,0.000011392703560542103,4849,5.440703022499417e-8,1.0,0.30933582328614734,0.5132
4850,0.000011243404765576268,4850,6.911723014030578e-8,1.0,0.30996450455415814,0.5128
4851,0.000011095088492299996,4851,7.845313325966735e-8,1.0,0.3096343488920303,0.513
4852,0.000010947754799266172,4852,1.5485756533180285e-7,1.0,0.309118553286507,0.5125
4853,0.000010801403744639657,4853,1.4161310968319185e-7,1.0,0.3082816129639035,0.5129
4854,0.000010656035386197847,4854,2.554102290087626e-7,1.0,0.3083989183108012,0.5126
4855,0.000010511649781329278,4855,1.581487992415494e-8,1.0,0.30962137707642146,0.5138
4856,0.000010368246987035854,4856,6.273535976423058e-8,1.0,0.30889567789577305,0.5135
4857,0.000010225827059930068,4857,3.182783547828194e-8,1.0,0.30917513342130754,0.513
4858,0.000010084390056237501,4858,5.766745953777226e-8,1.0,0.3092337743157432,0.5133
4859,9.943936031795152e-6,4859,1.1518475276229792e-7,1.0,0.3082355811482384,0.5143
4860,9.804465042052001e-6,4860,2.4107522940871224e-8,1.0,0.30940148660114836,0.5146
4861,9.665977142069003e-6,4861,9.189554672772715e-8,1.0,0.3100370920839764,0.5143
4862,9.528472386518815e-6,4862,8.29916846356582e-9,1.0,0.30909876965341115,0.5147
4863,9.391950829686067e-6,4863,1.6352125752931778e-7,1.0,0.31011582016944883,0.5143
4864,9.256412525467649e-6,4864,3.041701262291545e-8,1.0,0.31069538848740713,0.5136
4865,9.121857527372144e-6,4865,1.0020581012578792e-7,1.0,0.309164312623796,0.5137
4866,8.988285888519009e-6,4866,1.4395764284339899e-8,1.0,0.3085285422347841,0.5131
4867,8.855697661640782e-6,4867,3.922186320911199e-7,1.0,0.30734865012623014,0.5131
4868,8.72409289908087e-6,4868,3.214934026932578e-8,1.0,0.30677371223767597,0.5125
4869,8.593471652794937e-6,4869,2.5066871438338992e-8,1.0,0.3072178170794532,0.5135
4870,8.463833974350067e-6,4870,3.6152604402214395e-8,1.0,0.30858279324713206,0.513
4871,8.335179914925318e-6,4871,3.05732138864793e-8,1.0,0.3087256942476545,0.5135
4872,8.207509525311176e-6,4872,2.6162608968149925e-8,1.0,0.30806665193466914,0.5135
4873,8.080822855909821e-6,4873,2.9443746726468386e-8,1.0,0.30934718591826305,0.5141
4874,7.955119956735137e-6,4874,1.377776161308001e-7,1.0,0.31046683561234245,0.5139
4875,7.830400877412982e-6,4875,3.286001783902883e-8,1.0,0.309010648727417,0.5137
4876,7.706665667180081e-6,4876,3.796797946941681e-8,1.0,0.30907250217029025,0.5135
4877,7.5839143748854164e-6,4877,6.06232400152911e-8,1.0,0.3096453266484397,0.5134
4878,7.462147048988834e-6,4878,9.7768017174157e-8,1.0,0.3084740604673113,0.5132
4879,7.3413637375624364e-6,4879,5.644710841391457e-7,1.0,0.3094247627825964,0.5133
4880,7.2215644882897475e-6,4880,1.5606597508501691e-7,1.0,0.30913105521883283,0.5132
4881,7.102749348465157e-6,4881,4.678748791572421e-8,1.0,0.3095726859001886,0.5131
4882,6.984918364995311e-6,4882,1.615731633142743e-7,1.0,0.30959276670501346,0.5132
4883,6.8680715843979985e-6,4883,4.846033718224129e-8,1.0,0.3088077068328857,0.512
4884,6.752209052802709e-6,4884,3.0561298719213764e-8,1.0,0.3078663122086298,0.513
4885,6.637330815949521e-6,4885,1.408600391354719e-7,1.0,0.3090667216550736,0.5133
4886,6.523436919190766e-6,4886,7.870741751469538e-8,1.0,0.30795517762502034,0.5128
4887,6.4105274074904785e-6,4887,8.58537055627889e-8,1.0,0.30882813873745146,0.5128
4888,6.2986023254227245e-6,4888,5.090254364046944e-8,1.0,0.3079787435985747,0.5132
4889,6.18766171717438e-6,4889,9.615658796186771e-8,1.0,0.308101658310209,0.5131
4890,6.077705626542911e-6,4890,3.2735504783078436e-8,1.0,0.3086571909132458,0.5143
4891,5.968734096936928e-6,4891,1.482148186193215e-8,1.0,0.3072610815366109,0.5136
4892,5.860747171377017e-6,4892,4.297034309327533e-8,1.0,0.30847930085091363,0.5131
4893,5.753744892494632e-6,4893,3.638510971880139e-8,1.0,0.3087573062805902,0.5129
4894,5.647727302532373e-6,4894,1.2297507551532287e-6,1.0,0.3083006035713922,0.5123
4895,5.542694443344536e-6,4895,2.4281932380143005e-7,1.0,0.30682142348516556,0.5137
4896,5.438646356396287e-6,4896,3.456125997032478e-8,1.0,0.30898411926769076,0.515
4897,5.335583082764488e-6,4897,9.457363510312873e-8,1.0,0.30935623617399305,0.5141
4898,5.233504663136318e-6,4898,3.134951747931663e-8,1.0,0.3086353160086132,0.5144
4899,5.1324111378112046e-6,4899,2.55721007911375e-7,1.0,0.30845128354572116,0.514
4900,5.032302546698891e-6,4900,2.3982020813662075e-8,1.0,0.30848579775719415,0.5132
4901,4.933178929321097e-6,4901,5.940076079690741e-8,1.0,0.30865297885168164,0.5127
4902,4.835040324809853e-6,4902,5.129947063967474e-8,1.0,0.30973153596832637,0.5124
4903,4.737886771909167e-6,4903,1.7483342012220808e-8,1.0,0.30975895126660663,0.5133
4904,4.641718308973081e-6,4904,3.428319895695676e-8,1.0,0.3090807264759427,0.5134
4905,4.54653497396817e-6,4905,1.3099550613550007e-7,1.0,0.30685985542479016,0.5136
4906,4.452336804470486e-6,4906,3.999853637298976e-7,1.0,0.3080049929164705,0.5135
4907,4.359123837668616e-6,4907,2.9482896557993178e-8,1.0,0.3083123383067903,0.5141
4908,4.266896110361179e-6,4908,2.7001356854109797e-8,1.0,0.3083113204865229,0.5128
4909,4.175653658958495e-6,4909,3.566790816139907e-8,1.0,0.3081784861428397,0.5135
4910,4.085396519481749e-6,4910,1.4520576779070942e-7,1.0,0.3083099833556584,0.5131
4911,3.9961247275624385e-6,4911,2.532242568012829e-8,1.0,0.3087446337654477,0.5126
4912,3.9078383184440405e-6,4912,4.2319779733478496e-8,1.0,0.30676103546505884,0.5134
4913,3.820537326980617e-6,4913,7.306772849203198e-7,1.0,0.3064377032575153,0.5131
4914,3.734221787637377e-6,4914,4.351315969171783e-6,1.0,0.30804179764929274,0.5127
4915,3.6488917344901185e-6,4915,1.2597218164262222e-6,1.0,0.3079516916047959,0.5141
4916,3.564547201225783e-6,4916,3.212770354516741e-8,1.0,0.30819457911309744,0.5136
4917,3.4811882211421797e-6,4917,2.200662693344465e-8,1.0,0.3089162954262325,0.5133
4918,3.3988148271482626e-6,4918,4.110692861235607e-8,1.0,0.30867128996621995,0.513
4919,3.317427051763851e-6,4919,2.6360622943736683e-8,1.0,0.30930214240437465,0.5129
4920,3.237024927119355e-6,4920,8.010911427071474e-8,1.0,0.30879203733943755,0.5137
4921,3.157608484956328e-6,4921,1.308953962785879e-7,1.0,0.30901045061293103,0.5136
4922,3.079177756626913e-6,4922,9.821682686198382e-8,1.0,0.30864003201325735,0.5129
4923,3.001732773094953e-6,4923,7.317125804733104e-9,1.0,0.30822440896715436,0.5133
4924,2.925273564933769e-6,4924,2.72982723579335e-7,1.0,0.3092719784804753,0.5136
4925,2.849800162328661e-6,4925,2.8947703535818292e-8,1.0,0.3099166404633295,0.5128
4926,2.775312595075238e-6,4926,3.0349488639685216e-7,1.0,0.31043502120744615,0.5129
4927,2.7018108925797007e-6,4927,8.05968121025693e-8,1.0,0.3103777405761537,0.5139
4928,2.6292950838599477e-6,4928,1.834056965558754e-8,1.0,0.30951652753920783,0.5134
4929,2.557765197543635e-6,4929,3.872912153942328e-8,1.0,0.3095430394013723,0.5142
4930,2.48722126186984e-6,4930,1.175390713648028e-7,1.0,0.3089328967389606,0.5139
4931,2.417663304688231e-6,4931,2.6150613970562137e-8,1.0,0.3091952661673228,0.5128
4932,2.3490913534590626e-6,4932,2.2109000936899023e-8,1.0,0.31002045756294616,0.5127
4933,2.2815054352531815e-6,4933,5.993021184076091e-8,1.0,0.3089288010483696,0.5132
4934,2.214905576752855e-6,4934,1.1647400009552809e-7,1.0,0.3077728620597294,0.5126
4935,2.149291804250662e-6,4935,8.885273881732912e-7,1.0,0.3087843290397099,0.5127
4936,2.0846641436497706e-6,4936,1.18254240199009e-7,1.0,0.3079159398873647,0.5124
4937,2.0210226204639395e-6,4937,1.9147025763830003e-8,1.0,0.3077161090714591,0.5131
4938,1.9583672598180704e-6,4938,3.724248675589303e-8,1.0,0.310681308451153,0.5127
4939,1.8966980864476548e-6,4939,1.2307429486234697e-6,1.0,0.31085072216533477,0.5131
4940,1.8360151246982185e-6,4940,2.2705906192281116e-8,1.0,0.30866662490935554,0.5135
4941,1.7763183985269863e-6,4941,3.961905800256968e-8,1.0,0.3082017790703546,0.514
4942,1.7176079315006625e-6,4942,9.061184219880775e-8,1.0,0.3074290582111904,0.5139
4943,1.6598837467979282e-6,4943,1.8487240151441953e-8,1.0,0.30939248289380755,0.5134
4944,1.6031458672069437e-6,4944,2.2359912144054306e-8,1.0,0.30790752740133376,0.513
4945,1.5473943151270137e-6,4945,2.1410744330924424e-8,1.0,0.30872433327493215,0.5125
4946,1.4926291125677544e-6,4946,4.6935625238238764e-8,1.0,0.3089108149210612,0.5134
4947,1.4388502811499266e-6,4947,1.5147736823603202e-7,1.0,0.3092085352965764,0.5134
4948,1.3860578421046028e-6,4948,9.27923887357925e-8,1.0,0.3106504113901229,0.5136
4949,1.3342518162728897e-6,4949,7.522198669242979e-8,1.0,0.3075412091754732,0.5142
4950,1.2834322241075932e-6,4950,3.208136695240359e-7,1.0,0.3095068783987136,0.5137
4951,1.2335990856709986e-6,4951,5.6640986335039435e-8,1.0,0.31024787028630574,0.5134
4952,1.184752420636813e-6,4952,2.3266942438313196e-7,1.0,0.30895927747090657,0.5137
4953,1.1368922482887776e-6,4953,5.358467135616184e-8,1.0,0.3107221342268444,0.5136
4954,1.0900185875215005e-6,4954,1.1194226328960948e-8,1.0,0.3087478986808232,0.5138
4955,1.0441314568396242e-6,4955,2.1189935309063826e-8,1.0,0.30795584122339886,0.5133
4956,9.992308743586575e-7,4956,1.2418470495320764e-7,1.0,0.3087388018767039,0.5137
4957,9.553168578049765e-7,4957,9.793326603002583e-7,1.0,0.3077035387357076,0.5138
4958,9.123894245149913e-7,4958,3.7111189338510204e-8,1.0,0.30779253244400023,0.5128
4959,8.704485914357011e-7,4959,0.00002147418799563774,1.0,0.3079066983291081,0.514
4960,8.294943751246946e-7,4960,5.239968302647856e-8,1.0,0.30895577981358485,0.5145
4961,7.895267917501495e-7,4961,3.108953352960411e-8,1.0,0.3084225302650815,0.514
4962,7.505458570905558e-7,4962,2.84681295917696e-7,1.0,0.310014990397862,0.5147
4963,7.125515865347147e-7,4963,1.0428711124295849e-7,1.0,0.3104910945608502,0.5151
4964,6.755439950828494e-7,4964,3.361017584881308e-8,1.0,0.3104494348877952,0.5137
4965,6.395230973443849e-7,4965,2.8143252310607905e-8,1.0,0.30998138302848455,0.5141
4966,6.044889075398901e-7,4966,2.4859491806882347e-7,1.0,0.3112136136917841,0.5133
4967,5.704414395005237e-7,4967,2.4435534184434683e-7,1.0,0.3089019062973204,0.5137
4968,5.373807066674781e-7,4968,2.594639322442812e-8,1.0,0.30902506765865145,0.5151
4969,5.053067220925352e-7,4969,5.23067612503848e-8,1.0,0.30915376742680867,0.5137
4970,4.742194984383437e-7,4970,1.794342926094335e-8,1.0,0.3096053137665703,0.5138
4971,4.441190479775866e-7,4971,1.4572892941055486e-7,1.0,0.307556091319947,0.5141
4972,4.150053825929808e-7,4972,9.65588403942891e-9,1.0,0.30871444145838417,0.5131
4973,3.8687851377866536e-7,4973,3.6669564739186386e-8,1.0,0.3094422780332111,0.5137
4974,3.5973845263825824e-7,4974,2.327900199193346e-8,1.0,0.30953460250582016,0.514
4975,3.3358520988679945e-7,4975,4.7062454462610234e-8,1.0,0.31001322042374385,0.5137
4976,3.084187958485304e-7,4976,2.2427771068882814e-8,1.0,0.309979780515035,0.5138
4977,2.842392204591146e-7,4977,1.9748832630604e-7,1.0,0.3080752994332995,0.5141
4978,2.6104649326424957e-7,4978,1.4523785372673393e-6,1.0,0.30816257368950617,0.5134
4979,2.388406234199445e-7,4979,3.1711661254601746e-7,1.0,0.3090164547874814,0.5135
4980,2.1762161969279808e-7,4980,1.7351794117950076e-7,1.0,0.3084349989891052,0.5124
4981,1.973894904597205e-7,4981,1.3305757807727115e-8,1.0,0.30805654667672655,0.5122
4982,1.7814424370793377e-7,4982,1.2293786625108167e-6,1.0,0.3085927795796167,0.513
4983,1.5988588703552675e-7,4983,1.173318755677753e-6,1.0,0.3091740131378174,0.5136
4984,1.426144276500673e-7,4984,7.260361137692176e-9,1.0,0.31057669080439065,0.5136
4985,1.2632987237054518e-7,4985,2.5977449664387517e-7,1.0,0.309992264849799,0.5138
4986,1.1103222762542934e-7,4986,1.2942326586101992e-8,1.0,0.309110712153571,0.5129
4987,9.6721499454333e-8,4987,7.228493187297215e-6,1.0,0.3075711156640734,0.5137
4988,8.339769350662601e-8,4988,7.617057165433208e-8,1.0,0.30878931539399285,0.5138
4989,7.106081504254508e-8,4989,2.935751163861477e-8,1.0,0.3088430833248865,0.514
4990,5.971086893263862e-8,4990,1.362313581308529e-7,1.0,0.30758511055083504,0.5142
4991,4.934785965721164e-8,4991,8.8895051108566e-9,1.0,0.30830051416442505,0.5143
4992,3.997179130771353e-8,4992,1.830333766455234e-7,1.0,0.3084963673637027,0.514
4993,3.158266758562787e-8,4993,3.442131587803149e-7,1.0,0.30841223200162254,0.513
4994,2.4180491802749936e-8,4994,6.200562416952813e-8,1.0,0.3093609971659524,0.5126
4995,1.776526688174184e-8,4995,7.174296695346865e-8,1.0,0.3100090449764615,0.5126
4996,1.2336995354467188e-8,4996,2.1474185096792553e-8,1.0,0.30986714873995097,0.5125
4997,7.895679364766646e-9,4997,2.5861016333685765e-8,1.0,0.3079418747198014,0.5124
4998,4.441320665404811e-9,4998,2.6073978476843994e-7,1.0,0.3089006117412022,0.5135
4999,1.9739206205682247e-9,4999,8.154323123610836e-8,1.0,0.3089523255825043,0.5131
5000,4.934802039224803e-10,5000,3.066338605250962e-8,1.0,0.30863236586252846,0.5136
